,accelerometer_x,accelerometer_y,accelerometer_z,fall
0,-4.0,-250.0,-14.0,0
1,-3.0,-245.0,-11.0,0
2,-6.0,-246.0,-9.0,0
3,0.0,-252.0,-16.0,0
4,-3.0,-246.0,-9.0,0
5,-3.0,-250.0,-16.0,0
6,-2.0,-249.0,-10.0,0
7,-1.0,-248.0,-14.0,0
8,2.0,-250.0,-10.0,0
9,-2.0,-249.0,-12.0,0
10,1.0,-249.0,-10.0,0
11,-3.0,-252.0,-12.0,0
12,-3.0,-248.0,-16.0,0
13,-4.0,-247.0,-13.0,0
14,-6.0,-251.0,-13.0,0
15,-6.0,-252.0,-14.0,0
16,-2.0,-249.0,-15.0,0
17,-6.0,-250.0,-13.0,0
18,-3.0,-248.0,-15.0,0
19,-5.0,-248.0,-13.0,0
20,-3.0,-250.0,-12.0,0
21,-5.0,-247.0,-12.0,0
22,-5.0,-247.0,-17.0,0
23,-5.0,-247.0,-8.0,0
24,-4.0,-251.0,-12.0,0
25,-1.0,-250.0,-11.0,0
26,0.0,-250.0,-4.0,0
27,-2.0,-249.0,-9.0,0
28,-3.0,-247.0,-16.0,0
29,-2.0,-250.0,-17.0,0
30,0.0,-252.0,-12.0,0
31,-4.0,-248.0,-14.0,0
32,-3.0,-247.0,-13.0,0
33,-8.0,-248.0,-13.0,0
34,-4.0,-246.0,-8.0,0
35,-5.0,-248.0,-17.0,0
36,-3.0,-249.0,-13.0,0
37,-10.0,-257.0,-10.0,0
38,-2.0,-247.0,-12.0,0
39,-3.0,-246.0,-13.0,0
40,-3.0,-248.0,-10.0,0
41,-1.0,-248.0,-11.0,0
42,-3.0,-247.0,-12.0,0
43,-5.0,-246.0,-8.0,0
44,-4.0,-247.0,-14.0,0
45,-2.0,-249.0,-11.0,0
46,-4.0,-249.0,-9.0,0
47,0.0,-252.0,-12.0,0
48,1.0,-248.0,-11.0,0
49,0.0,-252.0,-11.0,0
50,-5.0,-249.0,-11.0,0
51,-5.0,-250.0,-12.0,0
52,-3.0,-246.0,-12.0,0
53,-2.0,-247.0,-9.0,0
54,-2.0,-247.0,-10.0,0
55,-3.0,-251.0,-11.0,0
56,-5.0,-249.0,-12.0,0
57,-4.0,-245.0,-9.0,0
58,-2.0,-251.0,-10.0,0
59,-6.0,-249.0,-7.0,0
60,-3.0,-251.0,-12.0,0
61,-3.0,-248.0,-9.0,0
62,-3.0,-249.0,-11.0,0
63,-4.0,-249.0,-11.0,0
64,0.0,-249.0,-14.0,0
65,-1.0,-247.0,-5.0,0
66,-5.0,-245.0,-9.0,0
67,-1.0,-247.0,-12.0,0
68,-4.0,-249.0,-12.0,0
69,-1.0,-245.0,-12.0,0
70,-6.0,-249.0,-9.0,0
71,-4.0,-248.0,-12.0,0
72,-3.0,-251.0,-10.0,0
73,-3.0,-250.0,-6.0,0
74,-2.0,-247.0,-9.0,0
75,-4.0,-248.0,-11.0,0
76,-2.0,-249.0,-9.0,0
77,-4.0,-248.0,-9.0,0
78,0.0,-249.0,-9.0,0
79,-2.0,-248.0,-10.0,0
80,-2.0,-249.0,-6.0,0
81,-4.0,-251.0,-10.0,0
82,0.0,-254.0,-9.0,0
83,-1.0,-251.0,-11.0,0
84,-2.0,-248.0,-12.0,0
85,-4.0,-249.0,-12.0,0
86,-3.0,-249.0,-12.0,0
87,-4.0,-247.0,-13.0,0
88,-4.0,-249.0,-14.0,0
89,-2.0,-250.0,-7.0,0
90,-1.0,-250.0,-7.0,0
91,-3.0,-246.0,-6.0,0
92,2.0,-248.0,-13.0,0
93,-3.0,-247.0,-8.0,0
94,-3.0,-247.0,-7.0,0
95,-3.0,-250.0,-7.0,0
96,-1.0,-249.0,-6.0,0
97,3.0,-250.0,-10.0,0
98,-2.0,-247.0,-7.0,0
99,1.0,-250.0,-11.0,0
100,0.0,-251.0,-10.0,0
101,-3.0,-249.0,-12.0,0
102,1.0,-249.0,-9.0,0
103,2.0,-253.0,-4.0,0
104,0.0,-247.0,-9.0,0
105,0.0,-255.0,-10.0,0
106,1.0,-250.0,-8.0,0
107,-1.0,-251.0,-10.0,0
108,-5.0,-249.0,-13.0,0
109,0.0,-248.0,-7.0,0
110,0.0,-249.0,-10.0,0
111,-1.0,-252.0,-10.0,0
112,-2.0,-245.0,-7.0,0
113,-6.0,-246.0,-6.0,0
114,-1.0,-246.0,-10.0,0
115,-1.0,-249.0,-12.0,0
116,-2.0,-251.0,-11.0,0
117,-4.0,-253.0,-11.0,0
118,-1.0,-249.0,-11.0,0
119,-1.0,-249.0,-11.0,0
120,-1.0,-248.0,-7.0,0
121,-4.0,-247.0,-6.0,0
122,0.0,-248.0,-12.0,0
123,-3.0,-249.0,-1.0,0
124,3.0,-248.0,-10.0,0
125,-1.0,-248.0,-8.0,0
126,-6.0,-245.0,-8.0,0
127,-1.0,-245.0,-4.0,0
128,-3.0,-248.0,-8.0,0
129,-4.0,-247.0,-8.0,0
130,-2.0,-245.0,-8.0,0
131,-2.0,-245.0,-6.0,0
132,-5.0,-244.0,-11.0,0
133,-4.0,-246.0,-7.0,0
134,0.0,-246.0,-7.0,0
135,-1.0,-251.0,-4.0,0
136,-2.0,-250.0,-6.0,0
137,-3.0,-246.0,-6.0,0
138,-2.0,-248.0,-7.0,0
139,-2.0,-247.0,-8.0,0
140,-3.0,-247.0,-9.0,0
141,-3.0,-247.0,-8.0,0
142,-5.0,-246.0,-9.0,0
143,-4.0,-248.0,-3.0,0
144,-3.0,-247.0,-8.0,0
145,-3.0,-249.0,-16.0,0
146,-8.0,-251.0,-9.0,0
147,-2.0,-248.0,-11.0,0
148,-3.0,-248.0,-6.0,0
149,-1.0,-248.0,-9.0,0
150,0.0,-251.0,-6.0,0
151,-1.0,-248.0,-10.0,0
152,-2.0,-246.0,-6.0,0
153,1.0,-247.0,-9.0,0
154,0.0,-250.0,-9.0,0
155,2.0,-249.0,-8.0,0
156,-2.0,-247.0,-7.0,0
157,-2.0,-252.0,-5.0,0
158,-1.0,-245.0,-5.0,0
159,-4.0,-248.0,-9.0,0
160,-2.0,-247.0,-5.0,0
161,-2.0,-244.0,-6.0,0
162,-2.0,-246.0,-7.0,0
163,-2.0,-248.0,-9.0,0
164,0.0,-249.0,-7.0,0
165,-2.0,-251.0,-10.0,0
166,2.0,-249.0,-7.0,0
167,-4.0,-246.0,-6.0,0
168,2.0,-247.0,-1.0,0
169,-2.0,-246.0,-6.0,0
170,1.0,-249.0,-7.0,0
171,-1.0,-249.0,-4.0,0
172,-2.0,-250.0,-6.0,0
173,-2.0,-248.0,-11.0,0
174,0.0,-250.0,-6.0,0
175,-2.0,-247.0,-8.0,0
176,-2.0,-246.0,-10.0,0
177,-8.0,-249.0,-10.0,0
178,0.0,-249.0,-5.0,0
179,-3.0,-245.0,-14.0,0
180,-4.0,-247.0,-7.0,0
181,-5.0,-250.0,-6.0,0
182,-5.0,-247.0,-7.0,0
183,-3.0,-250.0,-4.0,0
184,-4.0,-251.0,-5.0,0
185,1.0,-250.0,-6.0,0
186,0.0,-252.0,-10.0,0
187,-3.0,-251.0,-11.0,0
188,-5.0,-251.0,-13.0,0
189,-3.0,-247.0,-7.0,0
190,-6.0,-258.0,-4.0,0
191,-1.0,-249.0,-11.0,0
192,-1.0,-253.0,-11.0,0
193,-2.0,-249.0,-4.0,0
194,-4.0,-250.0,-4.0,0
195,-5.0,-247.0,-5.0,0
196,-4.0,-249.0,-11.0,0
197,-4.0,-250.0,-8.0,0
198,-3.0,-249.0,-7.0,0
199,-5.0,-246.0,-6.0,0
200,-3.0,-248.0,-7.0,0
201,-8.0,-248.0,-3.0,0
202,-2.0,-249.0,-10.0,0
203,-5.0,-250.0,-4.0,0
204,-4.0,-252.0,-5.0,0
205,-3.0,-247.0,-6.0,0
206,-5.0,-248.0,-6.0,0
207,-3.0,-248.0,-4.0,0
208,-5.0,-246.0,-9.0,0
209,-6.0,-246.0,-4.0,0
210,-4.0,-247.0,-6.0,0
211,-4.0,-250.0,-1.0,0
212,-3.0,-247.0,-9.0,0
213,-6.0,-247.0,-6.0,0
214,-2.0,-246.0,-5.0,0
215,-6.0,-245.0,-5.0,0
216,-5.0,-246.0,-1.0,0
217,-4.0,-246.0,-3.0,0
218,-4.0,-248.0,-3.0,0
219,-4.0,-250.0,-11.0,0
220,-4.0,-250.0,-5.0,0
221,-5.0,-245.0,-5.0,0
222,-1.0,-246.0,-5.0,0
223,-7.0,-246.0,-6.0,0
224,-2.0,-251.0,-11.0,0
225,-1.0,-251.0,-5.0,0
226,-6.0,-250.0,-8.0,0
227,-4.0,-245.0,-7.0,0
228,-5.0,-247.0,-7.0,0
229,-6.0,-249.0,-6.0,0
230,-6.0,-247.0,-11.0,0
231,-1.0,-248.0,-3.0,0
232,-5.0,-248.0,-3.0,0
233,-6.0,-249.0,-12.0,0
234,-7.0,-248.0,-4.0,0
235,-6.0,-245.0,-8.0,0
236,-4.0,-246.0,-6.0,0
237,-5.0,-247.0,-1.0,0
238,-8.0,-246.0,-3.0,0
239,-5.0,-248.0,-5.0,0
240,-3.0,-252.0,-7.0,0
241,-8.0,-246.0,-6.0,0
242,-4.0,-251.0,-2.0,0
243,-4.0,-245.0,-2.0,0
244,-5.0,-246.0,-6.0,0
245,-3.0,-246.0,-7.0,0
246,-4.0,-246.0,-3.0,0
247,-7.0,-246.0,-6.0,0
248,-5.0,-246.0,-2.0,0
249,-4.0,-247.0,-4.0,0
250,-5.0,-247.0,-4.0,0
251,-5.0,-247.0,-4.0,0
252,-1.0,-250.0,-8.0,0
253,-1.0,-248.0,-3.0,0
254,-3.0,-251.0,-1.0,0
255,-8.0,-250.0,-12.0,0
256,-4.0,-247.0,-1.0,0
257,-4.0,-246.0,-3.0,0
258,-8.0,-244.0,-5.0,0
259,-6.0,-247.0,-4.0,0
260,-4.0,-250.0,-5.0,0
261,-6.0,-250.0,-7.0,0
262,-2.0,-248.0,-6.0,0
263,-3.0,-247.0,-5.0,0
264,-5.0,-247.0,-7.0,0
265,-2.0,-248.0,-11.0,0
266,1.0,-255.0,-11.0,0
267,-5.0,-245.0,-2.0,0
268,-2.0,-246.0,-5.0,0
269,-5.0,-246.0,-2.0,0
270,-3.0,-249.0,-5.0,0
271,-7.0,-247.0,-5.0,0
272,-6.0,-247.0,-6.0,0
273,-6.0,-248.0,-7.0,0
274,-5.0,-248.0,-6.0,0
275,-8.0,-252.0,-6.0,0
276,-4.0,-250.0,-5.0,0
277,-5.0,-252.0,-7.0,0
278,-6.0,-248.0,-9.0,0
279,-4.0,-250.0,-8.0,0
280,-5.0,-248.0,-4.0,0
281,-6.0,-250.0,-4.0,0
282,-4.0,-250.0,-4.0,0
283,-3.0,-247.0,-7.0,0
284,-10.0,-246.0,-6.0,0
285,-5.0,-251.0,-6.0,0
286,-5.0,-251.0,-8.0,0
287,-3.0,-248.0,-6.0,0
288,-6.0,-250.0,-8.0,0
289,-6.0,-247.0,-2.0,0
290,-5.0,-248.0,-1.0,0
291,-5.0,-247.0,-6.0,0
292,-8.0,-248.0,-7.0,0
293,-8.0,-248.0,-8.0,0
294,-4.0,-249.0,-5.0,0
295,-9.0,-248.0,-5.0,0
296,-5.0,-251.0,-5.0,0
297,-7.0,-246.0,-8.0,0
298,0.0,-252.0,-8.0,0
299,-1.0,-251.0,-7.0,0
300,-8.0,-247.0,-5.0,0
301,-8.0,-246.0,-7.0,0
302,-6.0,-248.0,-5.0,0
303,-7.0,-246.0,-4.0,0
304,-7.0,-247.0,-3.0,0
305,-7.0,-247.0,-3.0,0
306,-7.0,-247.0,-3.0,0
307,-5.0,-251.0,-7.0,0
308,-8.0,-249.0,-4.0,0
309,-9.0,-247.0,-10.0,0
310,-8.0,-246.0,-7.0,0
311,-8.0,-246.0,-5.0,0
312,-7.0,-248.0,-4.0,0
313,-6.0,-248.0,-3.0,0
314,-8.0,-247.0,-8.0,0
315,-9.0,-249.0,-7.0,0
316,-7.0,-248.0,-3.0,0
317,-6.0,-247.0,-5.0,0
318,-6.0,-248.0,-2.0,0
319,-6.0,-248.0,-3.0,0
320,-10.0,-250.0,-4.0,0
321,-7.0,-247.0,0.0,0
322,-9.0,-246.0,-1.0,0
323,-6.0,-246.0,-5.0,0
324,-8.0,-245.0,-3.0,0
325,-3.0,-248.0,-2.0,0
326,-6.0,-246.0,-6.0,0
327,-8.0,-246.0,-2.0,0
328,-5.0,-247.0,-4.0,0
329,-11.0,-246.0,-5.0,0
330,-5.0,-250.0,-1.0,0
331,-8.0,-250.0,1.0,0
332,-7.0,-253.0,0.0,0
333,-5.0,-256.0,-5.0,0
334,-5.0,-256.0,-1.0,0
335,-1.0,-258.0,-5.0,0
336,-2.0,-257.0,-9.0,0
337,-2.0,-256.0,-2.0,0
338,1.0,-256.0,-8.0,0
339,6.0,-257.0,-8.0,0
340,5.0,-257.0,-10.0,0
341,4.0,-254.0,-15.0,0
342,9.0,-257.0,-11.0,0
343,10.0,-254.0,-12.0,0
344,10.0,-255.0,-12.0,0
345,9.0,-254.0,-18.0,0
346,16.0,-254.0,-15.0,0
347,12.0,-251.0,-14.0,0
348,17.0,-252.0,-16.0,0
349,20.0,-249.0,-21.0,0
350,23.0,-243.0,-22.0,0
351,32.0,-244.0,-22.0,0
352,36.0,-240.0,-19.0,0
353,41.0,-234.0,-30.0,0
354,44.0,-230.0,-33.0,0
355,51.0,-227.0,-33.0,0
356,58.0,-222.0,-35.0,0
357,65.0,-219.0,-36.0,0
358,68.0,-218.0,-29.0,0
359,71.0,-214.0,-30.0,0
360,76.0,-211.0,-20.0,0
361,77.0,-213.0,-17.0,0
362,80.0,-211.0,-11.0,0
363,80.0,-214.0,4.0,0
364,73.0,-212.0,15.0,0
365,61.0,-217.0,15.0,0
366,50.0,-218.0,20.0,0
367,43.0,-221.0,17.0,0
368,32.0,-228.0,19.0,0
369,23.0,-234.0,13.0,0
370,14.0,-238.0,15.0,0
371,10.0,-247.0,6.0,0
372,1.0,-259.0,2.0,0
373,-9.0,-260.0,-2.0,0
374,-15.0,-268.0,-1.0,0
375,-19.0,-266.0,-2.0,0
376,-20.0,-271.0,-4.0,0
377,-21.0,-275.0,-6.0,0
378,-20.0,-277.0,-3.0,0
379,-20.0,-275.0,-5.0,0
380,-17.0,-276.0,-4.0,0
381,-13.0,-277.0,-4.0,0
382,-12.0,-281.0,-12.0,0
383,-7.0,-278.0,-5.0,0
384,-6.0,-279.0,-3.0,0
385,-7.0,-283.0,-3.0,0
386,-3.0,-285.0,-5.0,0
387,-4.0,-285.0,9.0,0
388,-5.0,-284.0,7.0,0
389,-7.0,-278.0,9.0,0
390,-13.0,-272.0,12.0,0
391,-15.0,-271.0,14.0,0
392,-14.0,-266.0,10.0,0
393,-16.0,-262.0,10.0,0
394,-14.0,-257.0,14.0,0
395,-16.0,-252.0,10.0,0
396,-13.0,-252.0,7.0,0
397,-13.0,-243.0,12.0,0
398,-7.0,-243.0,8.0,0
399,-4.0,-246.0,10.0,0
400,0.0,-240.0,10.0,0
401,5.0,-242.0,10.0,0
402,7.0,-242.0,11.0,0
403,9.0,-241.0,9.0,0
404,14.0,-237.0,8.0,0
405,19.0,-239.0,10.0,0
406,20.0,-237.0,10.0,0
407,18.0,-236.0,7.0,0
408,18.0,-240.0,9.0,0
409,18.0,-240.0,6.0,0
410,12.0,-237.0,2.0,0
411,14.0,-236.0,4.0,0
412,12.0,-235.0,1.0,0
413,15.0,-240.0,-4.0,0
414,15.0,-240.0,1.0,0
415,11.0,-238.0,-5.0,0
416,11.0,-239.0,-1.0,0
417,13.0,-238.0,0.0,0
418,11.0,-242.0,4.0,0
419,13.0,-241.0,1.0,0
420,10.0,-243.0,4.0,0
421,12.0,-242.0,4.0,0
422,13.0,-240.0,3.0,0
423,16.0,-243.0,4.0,0
424,11.0,-244.0,5.0,0
425,19.0,-246.0,5.0,0
426,18.0,-247.0,-1.0,0
427,22.0,-246.0,6.0,0
428,21.0,-248.0,8.0,0
429,19.0,-246.0,10.0,0
430,22.0,-247.0,7.0,0
431,23.0,-245.0,1.0,0
432,24.0,-247.0,9.0,0
433,24.0,-247.0,8.0,0
434,23.0,-246.0,11.0,0
435,25.0,-246.0,11.0,0
436,28.0,-247.0,11.0,0
437,31.0,-245.0,7.0,0
438,31.0,-243.0,12.0,0
439,34.0,-248.0,8.0,0
440,33.0,-242.0,13.0,0
441,35.0,-242.0,4.0,0
442,36.0,-243.0,5.0,0
443,35.0,-243.0,4.0,0
444,34.0,-246.0,9.0,0
445,35.0,-244.0,11.0,0
446,32.0,-240.0,14.0,0
447,32.0,-244.0,13.0,0
448,35.0,-241.0,14.0,0
449,33.0,-237.0,22.0,0
450,28.0,-241.0,22.0,0
451,27.0,-239.0,25.0,0
452,33.0,-237.0,25.0,0
453,32.0,-233.0,21.0,0
454,30.0,-229.0,21.0,0
455,31.0,-228.0,24.0,0
456,30.0,-228.0,17.0,0
457,28.0,-224.0,13.0,0
458,30.0,-226.0,17.0,0
459,34.0,-224.0,10.0,0
460,36.0,-226.0,12.0,0
461,38.0,-227.0,19.0,0
462,39.0,-233.0,9.0,0
463,42.0,-229.0,5.0,0
464,39.0,-225.0,4.0,0
465,42.0,-226.0,3.0,0
466,43.0,-230.0,1.0,0
467,39.0,-228.0,2.0,0
468,37.0,-229.0,-3.0,0
469,36.0,-228.0,0.0,0
470,37.0,-237.0,-8.0,0
471,33.0,-233.0,-4.0,0
472,32.0,-241.0,-18.0,0
473,32.0,-242.0,-11.0,0
474,29.0,-242.0,-16.0,0
475,30.0,-247.0,-21.0,0
476,30.0,-252.0,-23.0,0
477,28.0,-254.0,-29.0,0
478,32.0,-261.0,-29.0,0
479,31.0,-265.0,-28.0,0
480,34.0,-267.0,-23.0,0
481,30.0,-278.0,-20.0,0
482,28.0,-283.0,-22.0,0
483,25.0,-286.0,-23.0,0
484,29.0,-290.0,-23.0,0
485,25.0,-291.0,-20.0,0
486,24.0,-288.0,-22.0,0
487,24.0,-288.0,-20.0,0
488,25.0,-287.0,-17.0,0
489,24.0,-286.0,-18.0,0
490,26.0,-284.0,-19.0,0
491,30.0,-285.0,-13.0,0
492,38.0,-286.0,-17.0,0
493,37.0,-293.0,-18.0,0
494,44.0,-294.0,-13.0,0
495,44.0,-297.0,-14.0,0
496,45.0,-301.0,-14.0,0
497,45.0,-301.0,-15.0,0
498,51.0,-308.0,-17.0,0
499,52.0,-311.0,-21.0,0
500,57.0,-316.0,-26.0,0
501,56.0,-316.0,-26.0,0
502,61.0,-328.0,-38.0,0
503,63.0,-333.0,-39.0,0
504,61.0,-343.0,-50.0,0
505,67.0,-353.0,-53.0,0
506,60.0,-352.0,-70.0,0
507,60.0,-357.0,-74.0,0
508,51.0,-358.0,-81.0,0
509,49.0,-361.0,-87.0,0
510,43.0,-358.0,-91.0,0
511,36.0,-351.0,-91.0,0
512,30.0,-346.0,-93.0,0
513,20.0,-340.0,-98.0,0
514,18.0,-328.0,-98.0,0
515,12.0,-318.0,-95.0,0
516,2.0,-314.0,-99.0,0
517,1.0,-308.0,-96.0,0
518,-5.0,-307.0,-104.0,0
519,-7.0,-303.0,-103.0,0
520,-8.0,-300.0,-109.0,0
521,-12.0,-296.0,-106.0,0
522,-16.0,-291.0,-111.0,0
523,-17.0,-293.0,-114.0,0
524,-20.0,-294.0,-115.0,0
525,-21.0,-290.0,-115.0,0
526,-13.0,-290.0,-113.0,0
527,-20.0,-290.0,-118.0,0
528,-21.0,-287.0,-118.0,0
529,-25.0,-281.0,-119.0,0
530,-20.0,-282.0,-122.0,0
531,-21.0,-280.0,-120.0,0
532,-21.0,-280.0,-125.0,0
533,-19.0,-275.0,-129.0,0
534,-19.0,-271.0,-126.0,0
535,-13.0,-272.0,-124.0,0
536,-16.0,-263.0,-127.0,0
537,-3.0,-264.0,-128.0,0
538,-5.0,-263.0,-121.0,0
539,-6.0,-258.0,-118.0,0
540,-7.0,-256.0,-114.0,0
541,-7.0,-251.0,-114.0,0
542,-3.0,-247.0,-108.0,0
543,-3.0,-244.0,-104.0,0
544,-4.0,-241.0,-100.0,0
545,-5.0,-237.0,-99.0,0
546,-4.0,-232.0,-97.0,0
547,-7.0,-229.0,-89.0,0
548,-7.0,-224.0,-94.0,0
549,-16.0,-217.0,-86.0,0
550,-18.0,-216.0,-94.0,0
551,-19.0,-212.0,-89.0,0
552,-18.0,-210.0,-85.0,0
553,-18.0,-209.0,-81.0,0
554,-15.0,-208.0,-80.0,0
555,-15.0,-208.0,-71.0,0
556,-11.0,-206.0,-69.0,0
557,-8.0,-207.0,-68.0,0
558,-5.0,-204.0,-77.0,0
559,-2.0,-202.0,-71.0,0
560,2.0,-201.0,-70.0,0
561,5.0,-204.0,-67.0,0
562,3.0,-199.0,-67.0,0
563,7.0,-200.0,-67.0,0
564,7.0,-197.0,-69.0,0
565,2.0,-192.0,-69.0,0
566,3.0,-188.0,-67.0,0
567,4.0,-188.0,-68.0,0
568,-3.0,-186.0,-70.0,0
569,-3.0,-180.0,-65.0,0
570,-6.0,-177.0,-70.0,0
571,-12.0,-176.0,-75.0,0
572,-12.0,-175.0,-79.0,0
573,-15.0,-173.0,-80.0,0
574,-18.0,-174.0,-79.0,0
575,-20.0,-176.0,-75.0,0
576,-24.0,-175.0,-69.0,0
577,-31.0,-175.0,-73.0,0
578,-37.0,-178.0,-75.0,0
579,-32.0,-181.0,-76.0,0
580,-29.0,-182.0,-70.0,0
581,-33.0,-186.0,-72.0,0
582,-32.0,-186.0,-73.0,0
583,-30.0,-189.0,-74.0,0
584,-34.0,-187.0,-71.0,0
585,-30.0,-192.0,-73.0,0
586,-27.0,-199.0,-78.0,0
587,-30.0,-198.0,-81.0,0
588,-28.0,-201.0,-77.0,0
589,-21.0,-203.0,-77.0,0
590,-25.0,-203.0,-76.0,0
591,-23.0,-201.0,-68.0,0
592,-19.0,-214.0,-77.0,0
593,-17.0,-215.0,-78.0,0
594,-17.0,-218.0,-75.0,0
595,-14.0,-220.0,-74.0,0
596,-17.0,-223.0,-66.0,0
597,-15.0,-224.0,-67.0,0
598,-18.0,-227.0,-72.0,0
599,-18.0,-227.0,-66.0,0
600,-19.0,-229.0,-69.0,0
601,-20.0,-234.0,-70.0,0
602,-20.0,-238.0,-69.0,0
603,-27.0,-240.0,-62.0,0
604,-28.0,-242.0,-60.0,0
605,-31.0,-242.0,-60.0,0
606,-33.0,-242.0,-54.0,0
607,-36.0,-243.0,-59.0,0
608,-36.0,-242.0,-58.0,0
609,-40.0,-241.0,-60.0,0
610,-34.0,-239.0,-62.0,0
611,-36.0,-237.0,-67.0,0
612,-36.0,-238.0,-66.0,0
613,-32.0,-241.0,-62.0,0
614,-34.0,-238.0,-57.0,0
615,-32.0,-239.0,-60.0,0
616,-35.0,-238.0,-60.0,0
617,-34.0,-242.0,-58.0,0
618,-32.0,-243.0,-56.0,0
619,-30.0,-244.0,-59.0,0
620,-32.0,-246.0,-56.0,0
621,-29.0,-249.0,-60.0,0
622,-34.0,-249.0,-56.0,0
623,-38.0,-248.0,-52.0,0
624,-37.0,-247.0,-56.0,0
625,-38.0,-246.0,-54.0,0
626,-38.0,-245.0,-57.0,0
627,-47.0,-241.0,-57.0,0
628,-47.0,-239.0,-56.0,0
629,-52.0,-233.0,-57.0,0
630,-52.0,-233.0,-61.0,0
631,-59.0,-226.0,-58.0,0
632,-55.0,-229.0,-59.0,0
633,-53.0,-226.0,-56.0,0
634,-55.0,-221.0,-59.0,0
635,-59.0,-223.0,-56.0,0
636,-58.0,-225.0,-53.0,0
637,-53.0,-227.0,-55.0,0
638,-52.0,-227.0,-52.0,0
639,-46.0,-231.0,-53.0,0
640,-39.0,-237.0,-52.0,0
641,-33.0,-244.0,-52.0,0
642,-31.0,-246.0,-57.0,0
643,-28.0,-250.0,-57.0,0
644,-23.0,-250.0,-57.0,0
645,-21.0,-257.0,-62.0,0
646,-22.0,-255.0,-58.0,0
647,-22.0,-255.0,-61.0,0
648,-27.0,-251.0,-63.0,0
649,-25.0,-249.0,-64.0,0
650,-31.0,-248.0,-62.0,0
651,-34.0,-243.0,-59.0,0
652,-37.0,-244.0,-56.0,0
653,-39.0,-237.0,-54.0,0
654,-43.0,-239.0,-54.0,0
655,-48.0,-236.0,-52.0,0
656,-49.0,-233.0,-51.0,0
657,-50.0,-237.0,-49.0,0
658,-49.0,-238.0,-45.0,0
659,-51.0,-242.0,-50.0,0
660,-51.0,-243.0,-47.0,0
661,-50.0,-244.0,-50.0,0
662,-48.0,-252.0,-52.0,0
663,-49.0,-255.0,-47.0,0
664,-48.0,-259.0,-51.0,0
665,-49.0,-260.0,-54.0,0
666,-50.0,-264.0,-55.0,0
667,-51.0,-264.0,-51.0,0
668,-47.0,-265.0,-55.0,0
669,-46.0,-267.0,-57.0,0
670,-46.0,-267.0,-61.0,0
671,-44.0,-267.0,-59.0,0
672,-42.0,-266.0,-61.0,0
673,-43.0,-268.0,-64.0,0
674,-40.0,-269.0,-64.0,0
675,-40.0,-275.0,-64.0,0
676,-39.0,-272.0,-62.0,0
677,-45.0,-281.0,-65.0,0
678,-43.0,-279.0,-60.0,0
679,-46.0,-286.0,-63.0,0
680,-46.0,-288.0,-59.0,0
681,-45.0,-288.0,-53.0,0
682,-43.0,-290.0,-53.0,0
683,-45.0,-286.0,-52.0,0
684,-45.0,-286.0,-53.0,0
685,-40.0,-286.0,-51.0,0
686,-43.0,-284.0,-44.0,0
687,-43.0,-279.0,-49.0,0
688,-41.0,-276.0,-50.0,0
689,-44.0,-272.0,-51.0,0
690,-40.0,-272.0,-46.0,0
691,-41.0,-275.0,-51.0,0
692,-41.0,-274.0,-50.0,0
693,-39.0,-278.0,-51.0,0
694,-41.0,-284.0,-53.0,0
695,-44.0,-288.0,-57.0,0
696,-41.0,-298.0,-66.0,0
697,-45.0,-304.0,-79.0,0
698,-42.0,-305.0,-78.0,0
699,-30.0,-313.0,-87.0,0
700,-32.0,-316.0,-95.0,0
701,-34.0,-320.0,-105.0,0
702,-31.0,-329.0,-112.0,0
703,-32.0,-336.0,-112.0,0
704,-26.0,-346.0,-120.0,0
705,-19.0,-349.0,-117.0,0
706,-18.0,-351.0,-119.0,0
707,-8.0,-343.0,-116.0,0
708,0.0,-333.0,-117.0,0
709,6.0,-323.0,-113.0,0
710,9.0,-302.0,-114.0,0
711,17.0,-286.0,-123.0,0
712,21.0,-269.0,-120.0,0
713,25.0,-254.0,-120.0,0
714,25.0,-241.0,-117.0,0
715,26.0,-228.0,-118.0,0
716,23.0,-220.0,-114.0,0
717,21.0,-206.0,-106.0,0
718,15.0,-209.0,-105.0,0
719,12.0,-206.0,-103.0,0
720,10.0,-206.0,-96.0,0
721,6.0,-215.0,-105.0,0
722,7.0,-218.0,-98.0,0
723,5.0,-226.0,-103.0,0
724,3.0,-236.0,-103.0,0
725,10.0,-240.0,-111.0,0
726,10.0,-247.0,-110.0,0
727,10.0,-248.0,-112.0,0
728,12.0,-250.0,-109.0,0
729,15.0,-256.0,-112.0,0
730,18.0,-252.0,-115.0,0
731,20.0,-254.0,-106.0,0
732,19.0,-250.0,-109.0,0
733,19.0,-246.0,-106.0,0
734,16.0,-241.0,-101.0,0
735,15.0,-238.0,-96.0,0
736,8.0,-231.0,-92.0,0
737,5.0,-230.0,-91.0,0
738,-5.0,-224.0,-83.0,0
739,-10.0,-217.0,-80.0,0
740,-17.0,-217.0,-74.0,0
741,-19.0,-216.0,-73.0,0
742,-23.0,-218.0,-67.0,0
743,-23.0,-214.0,-69.0,0
744,-26.0,-218.0,-73.0,0
745,-28.0,-220.0,-69.0,0
746,-26.0,-222.0,-73.0,0
747,-28.0,-224.0,-75.0,0
748,-26.0,-229.0,-69.0,0
749,-26.0,-232.0,-73.0,0
750,-25.0,-230.0,-69.0,0
751,-20.0,-232.0,-70.0,0
752,-17.0,-233.0,-70.0,0
753,-19.0,-229.0,-71.0,0
754,-13.0,-228.0,-70.0,0
755,-12.0,-226.0,-69.0,0
756,-10.0,-220.0,-77.0,0
757,-6.0,-221.0,-73.0,0
758,-4.0,-222.0,-74.0,0
759,-2.0,-223.0,-72.0,0
760,0.0,-224.0,-70.0,0
761,-1.0,-221.0,-68.0,0
762,4.0,-218.0,-64.0,0
763,3.0,-215.0,-67.0,0
764,3.0,-212.0,-69.0,0
765,4.0,-214.0,-71.0,0
766,3.0,-216.0,-72.0,0
767,1.0,-215.0,-66.0,0
768,2.0,-215.0,-63.0,0
769,2.0,-215.0,-64.0,0
770,5.0,-221.0,-63.0,0
771,4.0,-220.0,-58.0,0
772,3.0,-224.0,-62.0,0
773,4.0,-222.0,-62.0,0
774,5.0,-221.0,-59.0,0
775,3.0,-219.0,-59.0,0
776,13.0,-221.0,-60.0,0
777,10.0,-217.0,-63.0,0
778,13.0,-220.0,-62.0,0
779,12.0,-219.0,-60.0,0
780,8.0,-218.0,-61.0,0
781,11.0,-219.0,-59.0,0
782,10.0,-221.0,-59.0,0
783,5.0,-221.0,-56.0,0
784,3.0,-218.0,-55.0,0
785,-1.0,-216.0,-51.0,0
786,-3.0,-221.0,-51.0,0
787,2.0,-219.0,-50.0,0
788,0.0,-218.0,-47.0,0
789,1.0,-218.0,-50.0,0
790,7.0,-218.0,-51.0,0
791,6.0,-217.0,-49.0,0
792,7.0,-220.0,-50.0,0
793,11.0,-221.0,-50.0,0
794,14.0,-219.0,-42.0,0
795,13.0,-225.0,-49.0,0
796,18.0,-224.0,-49.0,0
797,19.0,-227.0,-41.0,0
798,17.0,-231.0,-45.0,0
799,18.0,-231.0,-49.0,0
800,17.0,-234.0,-45.0,0
801,18.0,-234.0,-48.0,0
802,18.0,-236.0,-50.0,0
803,19.0,-238.0,-52.0,0
804,22.0,-245.0,-54.0,0
805,20.0,-242.0,-48.0,0
806,19.0,-242.0,-50.0,0
807,22.0,-248.0,-41.0,0
808,23.0,-249.0,-50.0,0
809,21.0,-249.0,-50.0,0
810,19.0,-246.0,-46.0,0
811,19.0,-243.0,-48.0,0
812,22.0,-243.0,-45.0,0
813,26.0,-238.0,-46.0,0
814,31.0,-236.0,-41.0,0
815,30.0,-232.0,-40.0,0
816,32.0,-226.0,-44.0,0
817,39.0,-226.0,-48.0,0
818,39.0,-226.0,-46.0,0
819,37.0,-230.0,-40.0,0
820,41.0,-226.0,-42.0,0
821,41.0,-231.0,-47.0,0
822,40.0,-235.0,-45.0,0
823,41.0,-235.0,-44.0,0
824,41.0,-236.0,-45.0,0
825,41.0,-238.0,-44.0,0
826,42.0,-244.0,-47.0,0
827,38.0,-243.0,-50.0,0
828,40.0,-244.0,-47.0,0
829,41.0,-245.0,-43.0,0
830,38.0,-236.0,-46.0,0
831,36.0,-246.0,-42.0,0
832,36.0,-245.0,-45.0,0
833,34.0,-245.0,-45.0,0
834,35.0,-243.0,-41.0,0
835,32.0,-239.0,-43.0,0
836,33.0,-240.0,-46.0,0
837,33.0,-237.0,-47.0,0
838,28.0,-231.0,-47.0,0
839,33.0,-232.0,-53.0,0
840,32.0,-231.0,-50.0,0
841,29.0,-233.0,-45.0,0
842,29.0,-235.0,-47.0,0
843,32.0,-236.0,-50.0,0
844,28.0,-239.0,-49.0,0
845,27.0,-240.0,-47.0,0
846,24.0,-238.0,-46.0,0
847,21.0,-241.0,-43.0,0
848,16.0,-237.0,-42.0,0
849,18.0,-239.0,-41.0,0
850,16.0,-236.0,-38.0,0
851,4.0,-236.0,-42.0,0
852,14.0,-235.0,-37.0,0
853,10.0,-235.0,-40.0,0
854,8.0,-235.0,-41.0,0
855,2.0,-230.0,-42.0,0
856,4.0,-230.0,-38.0,0
857,8.0,-229.0,-43.0,0
858,13.0,-228.0,-45.0,0
859,17.0,-228.0,-48.0,0
860,22.0,-231.0,-49.0,0
861,25.0,-229.0,-58.0,0
862,28.0,-230.0,-47.0,0
863,34.0,-239.0,-59.0,0
864,39.0,-242.0,-54.0,0
865,42.0,-247.0,-57.0,0
866,43.0,-251.0,-53.0,0
867,41.0,-253.0,-58.0,0
868,44.0,-258.0,-60.0,0
869,43.0,-264.0,-57.0,0
870,38.0,-266.0,-65.0,0
871,42.0,-269.0,-65.0,0
872,40.0,-270.0,-65.0,0
873,41.0,-273.0,-61.0,0
874,34.0,-272.0,-64.0,0
875,31.0,-274.0,-64.0,0
876,31.0,-279.0,-66.0,0
877,30.0,-282.0,-65.0,0
878,30.0,-284.0,-66.0,0
879,31.0,-290.0,-67.0,0
880,25.0,-296.0,-61.0,0
881,30.0,-301.0,-66.0,0
882,31.0,-305.0,-65.0,0
883,27.0,-307.0,-62.0,0
884,33.0,-313.0,-68.0,0
885,28.0,-311.0,-70.0,0
886,31.0,-318.0,-75.0,0
887,30.0,-327.0,-77.0,0
888,31.0,-339.0,-84.0,0
889,40.0,-346.0,-90.0,0
890,42.0,-358.0,-99.0,0
891,43.0,-373.0,-107.0,0
892,36.0,-377.0,-115.0,0
893,33.0,-391.0,-123.0,0
894,21.0,-392.0,-130.0,0
895,0.0,-404.0,-140.0,0
896,-4.0,-402.0,-137.0,0
897,-18.0,-395.0,-132.0,0
898,-24.0,-386.0,-123.0,0
899,-29.0,-373.0,-119.0,0
900,-36.0,-351.0,-117.0,0
901,-36.0,-325.0,-113.0,0
902,-30.0,-306.0,-110.0,0
903,-27.0,-279.0,-115.0,0
904,-19.0,-266.0,-112.0,0
905,-13.0,-249.0,-112.0,0
906,-3.0,-243.0,-110.0,0
907,-2.0,-237.0,-105.0,0
908,5.0,-237.0,-110.0,0
909,9.0,-239.0,-105.0,0
910,12.0,-241.0,-103.0,0
911,22.0,-244.0,-105.0,0
912,22.0,-243.0,-109.0,0
913,26.0,-245.0,-117.0,0
914,30.0,-246.0,-121.0,0
915,28.0,-246.0,-129.0,0
916,22.0,-254.0,-128.0,0
917,31.0,-260.0,-129.0,0
918,29.0,-262.0,-123.0,0
919,28.0,-267.0,-122.0,0
920,27.0,-269.0,-118.0,0
921,28.0,-269.0,-117.0,0
922,25.0,-269.0,-114.0,0
923,19.0,-267.0,-115.0,0
924,10.0,-265.0,-118.0,0
925,4.0,-260.0,-119.0,0
926,-6.0,-251.0,-120.0,0
927,-11.0,-244.0,-110.0,0
928,-20.0,-237.0,-111.0,0
929,-21.0,-231.0,-114.0,0
930,-32.0,-224.0,-106.0,0
931,-32.0,-218.0,-96.0,0
932,-33.0,-214.0,-93.0,0
933,-35.0,-210.0,-88.0,0
934,-29.0,-209.0,-86.0,0
935,-33.0,-207.0,-86.0,0
936,-30.0,-198.0,-85.0,0
937,-20.0,-200.0,-81.0,0
938,-20.0,-201.0,-84.0,0
939,-20.0,-194.0,-78.0,0
940,-19.0,-195.0,-83.0,0
941,-19.0,-194.0,-81.0,0
942,-18.0,-194.0,-78.0,0
943,-15.0,-201.0,-78.0,0
944,-11.0,-205.0,-79.0,0
945,-14.0,-209.0,-80.0,0
946,-12.0,-217.0,-84.0,0
947,-13.0,-226.0,-85.0,0
948,-14.0,-230.0,-85.0,0
949,-10.0,-237.0,-88.0,0
950,-14.0,-233.0,-91.0,0
951,-16.0,-229.0,-88.0,0
952,-14.0,-228.0,-87.0,0
953,-14.0,-223.0,-90.0,0
954,-12.0,-216.0,-87.0,0
955,-17.0,-209.0,-83.0,0
956,-16.0,-205.0,-83.0,0
957,-17.0,-203.0,-86.0,0
958,-19.0,-193.0,-79.0,0
959,-20.0,-192.0,-76.0,0
960,-18.0,-189.0,-76.0,0
961,-20.0,-183.0,-77.0,0
962,-19.0,-181.0,-70.0,0
963,-15.0,-180.0,-73.0,0
964,-18.0,-175.0,-70.0,0
965,-15.0,-174.0,-71.0,0
966,-19.0,-172.0,-72.0,0
967,-26.0,-168.0,-66.0,0
968,-29.0,-165.0,-63.0,0
969,-26.0,-165.0,-61.0,0
970,-22.0,-173.0,-63.0,0
971,-20.0,-172.0,-60.0,0
972,-20.0,-177.0,-61.0,0
973,-19.0,-181.0,-61.0,0
974,-20.0,-186.0,-58.0,0
975,-18.0,-192.0,-57.0,0
976,-12.0,-192.0,-54.0,0
977,-9.0,-199.0,-61.0,0
978,-7.0,-206.0,-56.0,0
979,-8.0,-210.0,-59.0,0
980,-5.0,-216.0,-58.0,0
981,-4.0,-222.0,-54.0,0
982,-7.0,-230.0,-53.0,0
983,-3.0,-235.0,-54.0,0
984,-3.0,-238.0,-53.0,0
985,-3.0,-245.0,-57.0,0
986,-1.0,-246.0,-56.0,0
987,-2.0,-249.0,-56.0,0
988,0.0,-252.0,-55.0,0
989,0.0,-251.0,-59.0,0
990,-3.0,-253.0,-67.0,0
991,-5.0,-254.0,-72.0,0
992,-5.0,-247.0,-71.0,0
993,-10.0,-247.0,-70.0,0
994,-11.0,-247.0,-65.0,0
995,-12.0,-247.0,-69.0,0
996,-13.0,-243.0,-67.0,0
997,-20.0,-242.0,-63.0,0
998,-21.0,-240.0,-59.0,0
999,-27.0,-236.0,-57.0,0
1000,-32.0,-232.0,-53.0,0
1001,-36.0,-233.0,-54.0,0
1002,-36.0,-229.0,-56.0,0
1003,-33.0,-231.0,-57.0,0
1004,-36.0,-231.0,-51.0,0
1005,-34.0,-226.0,-54.0,0
1006,-34.0,-230.0,-52.0,0
1007,-32.0,-229.0,-54.0,0
1008,-36.0,-229.0,-54.0,0
1009,-35.0,-229.0,-52.0,0
1010,-37.0,-232.0,-51.0,0
1011,-38.0,-238.0,-51.0,0
1012,-40.0,-235.0,-51.0,0
1013,-41.0,-239.0,-52.0,0
1014,-44.0,-236.0,-54.0,0
1015,-48.0,-233.0,-53.0,0
1016,-51.0,-232.0,-59.0,0
1017,-51.0,-229.0,-60.0,0
1018,-51.0,-229.0,-58.0,0
1019,-48.0,-227.0,-61.0,0
1020,-48.0,-224.0,-62.0,0
1021,-44.0,-224.0,-58.0,0
1022,-37.0,-223.0,-57.0,0
1023,-40.0,-220.0,-53.0,0
1024,-34.0,-220.0,-51.0,0
1025,-28.0,-228.0,-55.0,0
1026,-34.0,-225.0,-46.0,0
1027,-32.0,-225.0,-44.0,0
1028,-35.0,-229.0,-39.0,0
1029,-37.0,-232.0,-33.0,0
1030,-37.0,-237.0,-38.0,0
1031,-44.0,-238.0,-37.0,0
1032,-45.0,-246.0,-37.0,0
1033,-52.0,-252.0,-46.0,0
1034,-54.0,-259.0,-50.0,0
1035,-55.0,-261.0,-43.0,0
1036,-60.0,-275.0,-41.0,0
1037,-58.0,-275.0,-49.0,0
1038,-54.0,-278.0,-49.0,0
1039,-52.0,-280.0,-51.0,0
1040,-46.0,-283.0,-48.0,0
1041,-45.0,-282.0,-50.0,0
1042,-43.0,-284.0,-51.0,0
1043,-42.0,-286.0,-43.0,0
1044,-40.0,-287.0,-46.0,0
1045,-37.0,-295.0,-43.0,0
1046,-40.0,-298.0,-49.0,0
1047,-44.0,-304.0,-52.0,0
1048,-49.0,-308.0,-52.0,0
1049,-52.0,-314.0,-53.0,0
1050,-58.0,-321.0,-58.0,0
1051,-59.0,-327.0,-62.0,0
1052,-61.0,-342.0,-64.0,0
1053,-61.0,-350.0,-60.0,0
1054,-63.0,-359.0,-66.0,0
1055,-59.0,-370.0,-65.0,0
1056,-61.0,-373.0,-68.0,0
1057,-65.0,-378.0,-74.0,0
1058,-58.0,-384.0,-72.0,0
1059,-58.0,-383.0,-75.0,0
1060,-51.0,-390.0,-72.0,0
1061,-51.0,-382.0,-66.0,0
1062,-48.0,-375.0,-71.0,0
1063,-42.0,-369.0,-69.0,0
1064,-38.0,-354.0,-72.0,0
1065,-34.0,-339.0,-64.0,0
1066,-32.0,-328.0,-74.0,0
1067,-28.0,-307.0,-77.0,0
1068,-22.0,-291.0,-82.0,0
1069,-26.0,-267.0,-78.0,0
1070,-23.0,-261.0,-86.0,0
1071,-17.0,-260.0,-89.0,0
1072,-13.0,-252.0,-99.0,0
1073,-8.0,-244.0,-89.0,0
1074,-14.0,-253.0,-90.0,0
1075,-13.0,-247.0,-91.0,0
1076,-1.0,-245.0,-88.0,0
1077,0.0,-246.0,-95.0,0
1078,3.0,-245.0,-90.0,0
1079,1.0,-246.0,-90.0,0
1080,8.0,-238.0,-88.0,0
1081,4.0,-244.0,-87.0,0
1082,6.0,-248.0,-88.0,0
1083,0.0,-249.0,-106.0,0
1084,6.0,-250.0,-97.0,0
1085,22.0,-266.0,-100.0,0
1086,3.0,-248.0,-100.0,0
1087,13.0,-254.0,-118.0,0
1088,14.0,-248.0,-100.0,0
1089,2.0,-250.0,-118.0,0
1090,4.0,-250.0,-97.0,0
1091,-2.0,-243.0,-100.0,0
1092,0.0,-250.0,-101.0,0
1093,1.0,-239.0,-98.0,0
1094,2.0,-249.0,-91.0,0
1095,2.0,-245.0,-96.0,0
1096,2.0,-246.0,-77.0,0
1097,-1.0,-238.0,-77.0,0
1098,2.0,-239.0,-77.0,0
1099,-1.0,-237.0,-84.0,0
1100,-3.0,-231.0,-75.0,0
1101,-5.0,-230.0,-81.0,0
1102,-4.0,-226.0,-74.0,0
1103,-1.0,-226.0,-73.0,0
1104,0.0,-225.0,-80.0,0
1105,1.0,-222.0,-65.0,0
1106,4.0,-220.0,-60.0,0
1107,7.0,-219.0,-62.0,0
1108,9.0,-219.0,-66.0,0
1109,12.0,-218.0,-62.0,0
1110,9.0,-215.0,-60.0,0
1111,4.0,-214.0,-61.0,0
1112,12.0,-212.0,-65.0,0
1113,11.0,-211.0,-61.0,0
1114,11.0,-204.0,-50.0,0
1115,9.0,-213.0,-58.0,0
1116,7.0,-209.0,-59.0,0
1117,10.0,-212.0,-61.0,0
1118,10.0,-209.0,-63.0,0
1119,19.0,-212.0,-56.0,0
1120,7.0,-208.0,-61.0,0
1121,8.0,-210.0,-56.0,0
1122,8.0,-211.0,-56.0,0
1123,7.0,-207.0,-57.0,0
1124,-2.0,-206.0,-56.0,0
1125,14.0,-213.0,-54.0,0
1126,13.0,-210.0,-53.0,0
1127,13.0,-206.0,-53.0,0
1128,13.0,-200.0,-56.0,0
1129,12.0,-198.0,-53.0,0
1130,12.0,-191.0,-54.0,0
1131,18.0,-189.0,-55.0,0
1132,21.0,-188.0,-58.0,0
1133,25.0,-182.0,-59.0,0
1134,26.0,-180.0,-59.0,0
1135,31.0,-180.0,-57.0,0
1136,30.0,-180.0,-58.0,0
1137,32.0,-177.0,-58.0,0
1138,33.0,-178.0,-57.0,0
1139,32.0,-182.0,-57.0,0
1140,31.0,-182.0,-57.0,0
1141,28.0,-185.0,-58.0,0
1142,28.0,-189.0,-54.0,0
1143,29.0,-194.0,-48.0,0
1144,21.0,-190.0,-57.0,0
1145,17.0,-197.0,-47.0,0
1146,17.0,-198.0,-46.0,0
1147,16.0,-205.0,-47.0,0
1148,16.0,-210.0,-44.0,0
1149,16.0,-215.0,-44.0,0
1150,16.0,-218.0,-44.0,0
1151,10.0,-213.0,-45.0,0
1152,11.0,-216.0,-42.0,0
1153,9.0,-213.0,-43.0,0
1154,11.0,-218.0,-45.0,0
1155,7.0,-218.0,-44.0,0
1156,9.0,-219.0,-42.0,0
1157,11.0,-223.0,-40.0,0
1158,13.0,-226.0,-42.0,0
1159,13.0,-232.0,-36.0,0
1160,14.0,-236.0,-36.0,0
1161,14.0,-241.0,-39.0,0
1162,12.0,-244.0,-39.0,0
1163,16.0,-250.0,-38.0,0
1164,12.0,-248.0,-38.0,0
1165,9.0,-253.0,-41.0,0
1166,-2.0,-250.0,-44.0,0
1167,11.0,-254.0,-42.0,0
1168,10.0,-252.0,-47.0,0
1169,9.0,-250.0,-42.0,0
1170,13.0,-252.0,-42.0,0
1171,14.0,-252.0,-41.0,0
1172,14.0,-249.0,-44.0,0
1173,21.0,-252.0,-37.0,0
1174,22.0,-253.0,-35.0,0
1175,18.0,-252.0,-36.0,0
1176,17.0,-252.0,-36.0,0
1177,15.0,-250.0,-34.0,0
1178,16.0,-248.0,-29.0,0
1179,12.0,-247.0,-31.0,0
1180,9.0,-249.0,-27.0,0
1181,9.0,-246.0,-29.0,0
1182,7.0,-249.0,-26.0,0
1183,9.0,-251.0,-27.0,0
1184,6.0,-249.0,-27.0,0
1185,9.0,-249.0,-26.0,0
1186,10.0,-251.0,-28.0,0
1187,15.0,-242.0,-22.0,0
1188,14.0,-244.0,-29.0,0
1189,12.0,-241.0,-27.0,0
1190,15.0,-238.0,-29.0,0
1191,17.0,-240.0,-33.0,0
1192,23.0,-240.0,-35.0,0
1193,24.0,-239.0,-32.0,0
1194,26.0,-235.0,-30.0,0
1195,21.0,-238.0,-37.0,0
1196,29.0,-236.0,-30.0,0
1197,28.0,-235.0,-32.0,0
1198,25.0,-236.0,-28.0,0
1199,28.0,-236.0,-30.0,0
1200,29.0,-237.0,-27.0,0
1201,31.0,-240.0,-30.0,0
1202,27.0,-240.0,-28.0,0
1203,29.0,-241.0,-27.0,0
1204,30.0,-244.0,-24.0,0
1205,28.0,-240.0,-21.0,0
1206,29.0,-243.0,-23.0,0
1207,24.0,-240.0,-21.0,0
1208,29.0,-237.0,-19.0,0
1209,24.0,-238.0,-14.0,0
1210,23.0,-234.0,-18.0,0
1211,20.0,-230.0,-19.0,0
1212,20.0,-229.0,-18.0,0
1213,20.0,-225.0,-18.0,0
1214,20.0,-224.0,-17.0,0
1215,24.0,-221.0,-14.0,0
1216,23.0,-225.0,-12.0,0
1217,26.0,-222.0,-17.0,0
1218,24.0,-225.0,-15.0,0
1219,27.0,-226.0,-16.0,0
1220,30.0,-231.0,-16.0,0
1221,35.0,-235.0,-18.0,0
1222,35.0,-239.0,-14.0,0
1223,35.0,-244.0,-14.0,0
1224,35.0,-248.0,-14.0,0
1225,31.0,-250.0,-11.0,0
1226,33.0,-256.0,-13.0,0
1227,29.0,-258.0,-12.0,0
1228,31.0,-268.0,-15.0,0
1229,32.0,-265.0,-16.0,0
1230,34.0,-264.0,-16.0,0
1231,36.0,-266.0,-16.0,0
1232,37.0,-270.0,-28.0,0
1233,35.0,-270.0,-26.0,0
1234,38.0,-271.0,-29.0,0
1235,40.0,-271.0,-32.0,0
1236,40.0,-272.0,-34.0,0
1237,41.0,-271.0,-37.0,0
1238,41.0,-271.0,-45.0,0
1239,44.0,-275.0,-44.0,0
1240,48.0,-281.0,-50.0,0
1241,46.0,-283.0,-48.0,0
1242,46.0,-290.0,-46.0,0
1243,50.0,-302.0,-35.0,0
1244,48.0,-306.0,-29.0,0
1245,45.0,-308.0,-26.0,0
1246,41.0,-316.0,-21.0,0
1247,40.0,-322.0,-23.0,0
1248,37.0,-324.0,-14.0,0
1249,27.0,-332.0,-18.0,0
1250,26.0,-340.0,-19.0,0
1251,20.0,-341.0,-23.0,0
1252,21.0,-346.0,-29.0,0
1253,20.0,-352.0,-31.0,0
1254,24.0,-359.0,-40.0,0
1255,27.0,-363.0,-44.0,0
1256,27.0,-369.0,-44.0,0
1257,30.0,-375.0,-40.0,0
1258,33.0,-375.0,-44.0,0
1259,30.0,-374.0,-44.0,0
1260,27.0,-366.0,-43.0,0
1261,24.0,-358.0,-45.0,0
1262,21.0,-342.0,-50.0,0
1263,18.0,-325.0,-54.0,0
1264,16.0,-308.0,-52.0,0
1265,14.0,-291.0,-52.0,0
1266,9.0,-275.0,-57.0,0
1267,11.0,-260.0,-63.0,0
1268,11.0,-248.0,-61.0,0
1269,14.0,-241.0,-64.0,0
1270,20.0,-237.0,-65.0,0
1271,22.0,-227.0,-69.0,0
1272,23.0,-227.0,-68.0,0
1273,27.0,-229.0,-68.0,0
1274,25.0,-230.0,-76.0,0
1275,22.0,-236.0,-75.0,0
1276,20.0,-243.0,-83.0,0
1277,13.0,-249.0,-88.0,0
1278,4.0,-256.0,-84.0,0
1279,4.0,-262.0,-83.0,0
1280,-4.0,-264.0,-84.0,0
1281,-3.0,-269.0,-79.0,0
1282,-7.0,-273.0,-83.0,0
1283,-6.0,-276.0,-76.0,0
1284,-3.0,-279.0,-83.0,0
1285,-3.0,-277.0,-85.0,0
1286,-2.0,-272.0,-86.0,0
1287,3.0,-269.0,-86.0,0
1288,4.0,-266.0,-90.0,0
1289,9.0,-262.0,-83.0,0
1290,11.0,-256.0,-80.0,0
1291,14.0,-254.0,-86.0,0
1292,12.0,-245.0,-84.0,0
1293,15.0,-245.0,-77.0,0
1294,19.0,-246.0,-70.0,0
1295,24.0,-245.0,-73.0,0
1296,27.0,-248.0,-72.0,0
1297,25.0,-248.0,-70.0,0
1298,26.0,-247.0,-70.0,0
1299,27.0,-252.0,-74.0,0
1300,25.0,-248.0,-69.0,0
1301,23.0,-247.0,-69.0,0
1302,16.0,-246.0,-72.0,0
1303,15.0,-247.0,-73.0,0
1304,12.0,-246.0,-79.0,0
1305,14.0,-245.0,-67.0,0
1306,6.0,-243.0,-74.0,0
1307,2.0,-244.0,-72.0,0
1308,-1.0,-243.0,-69.0,0
1309,-4.0,-242.0,-67.0,0
1310,-5.0,-239.0,-68.0,0
1311,-6.0,-235.0,-72.0,0
1312,-3.0,-232.0,-67.0,0
1313,-6.0,-227.0,-72.0,0
1314,-5.0,-225.0,-81.0,0
1315,-6.0,-223.0,-81.0,0
1316,-3.0,-217.0,-79.0,0
1317,-9.0,-210.0,-84.0,0
1318,-7.0,-207.0,-83.0,0
1319,-10.0,-205.0,-83.0,0
1320,-4.0,-203.0,-73.0,0
1321,-4.0,-201.0,-76.0,0
1322,-7.0,-197.0,-74.0,0
1323,-4.0,-197.0,-73.0,0
1324,-3.0,-190.0,-66.0,0
1325,-6.0,-187.0,-67.0,0
1326,-4.0,-181.0,-62.0,0
1327,-13.0,-172.0,-67.0,0
1328,-7.0,-170.0,-64.0,0
1329,-4.0,-177.0,-72.0,0
1330,-1.0,-174.0,-70.0,0
1331,-3.0,-174.0,-67.0,0
1332,-4.0,-171.0,-67.0,0
1333,-10.0,-168.0,-59.0,0
1334,-13.0,-169.0,-58.0,0
1335,-16.0,-169.0,-61.0,0
1336,-17.0,-173.0,-59.0,0
1337,-14.0,-175.0,-61.0,0
1338,-13.0,-175.0,-64.0,0
1339,-18.0,-175.0,-65.0,0
1340,-18.0,-178.0,-58.0,0
1341,-14.0,-182.0,-58.0,0
1342,-13.0,-184.0,-54.0,0
1343,-10.0,-191.0,-54.0,0
1344,-6.0,-189.0,-54.0,0
1345,-7.0,-195.0,-51.0,0
1346,-7.0,-199.0,-53.0,0
1347,-8.0,-201.0,-52.0,0
1348,-3.0,-203.0,-54.0,0
1349,-3.0,-203.0,-52.0,0
1350,-1.0,-212.0,-56.0,0
1351,-2.0,-215.0,-56.0,0
1352,0.0,-219.0,-51.0,0
1353,-2.0,-221.0,-51.0,0
1354,-4.0,-220.0,-52.0,0
1355,-6.0,-225.0,-54.0,0
1356,-9.0,-226.0,-52.0,0
1357,-11.0,-227.0,-54.0,0
1358,-16.0,-235.0,-64.0,0
1359,-17.0,-234.0,-60.0,0
1360,-25.0,-236.0,-59.0,0
1361,-32.0,-242.0,-60.0,0
1362,-33.0,-243.0,-53.0,0
1363,-38.0,-246.0,-52.0,0
1364,-48.0,-249.0,-51.0,0
1365,-58.0,-252.0,-46.0,0
1366,-58.0,-255.0,-50.0,0
1367,-64.0,-260.0,-50.0,0
1368,-75.0,-267.0,-50.0,0
1369,-83.0,-265.0,-51.0,0
1370,-90.0,-264.0,-46.0,0
1371,-86.0,-268.0,-51.0,0
1372,-86.0,-271.0,-49.0,0
1373,-87.0,-266.0,-52.0,0
1374,-86.0,-262.0,-49.0,0
1375,-78.0,-263.0,-53.0,0
1376,-72.0,-260.0,-50.0,0
1377,-67.0,-253.0,-52.0,0
1378,-60.0,-254.0,-50.0,0
1379,-55.0,-247.0,-47.0,0
1380,-45.0,-244.0,-43.0,0
1381,-41.0,-240.0,-40.0,0
1382,-35.0,-240.0,-36.0,0
1383,-38.0,-234.0,-35.0,0
1384,-40.0,-230.0,-33.0,0
1385,-38.0,-226.0,-28.0,0
1386,-36.0,-225.0,-32.0,0
1387,-36.0,-218.0,-27.0,0
1388,-34.0,-220.0,-31.0,0
1389,-36.0,-219.0,-31.0,0
1390,-30.0,-221.0,-32.0,0
1391,-34.0,-224.0,-37.0,0
1392,-32.0,-228.0,-37.0,0
1393,-32.0,-232.0,-40.0,0
1394,-35.0,-239.0,-39.0,0
1395,-31.0,-243.0,-38.0,0
1396,-34.0,-249.0,-42.0,0
1397,-34.0,-255.0,-48.0,0
1398,-33.0,-259.0,-51.0,0
1399,-31.0,-268.0,-54.0,0
1400,-29.0,-275.0,-61.0,0
1401,-22.0,-277.0,-62.0,0
1402,-21.0,-282.0,-64.0,0
1403,-19.0,-287.0,-68.0,0
1404,-13.0,-285.0,-75.0,0
1405,-18.0,-292.0,-69.0,0
1406,-20.0,-295.0,-69.0,0
1407,-22.0,-300.0,-72.0,0
1408,-22.0,-308.0,-70.0,0
1409,-25.0,-314.0,-71.0,0
1410,-33.0,-321.0,-68.0,0
1411,-42.0,-329.0,-69.0,0
1412,-44.0,-334.0,-73.0,0
1413,-46.0,-339.0,-70.0,0
1414,-50.0,-346.0,-64.0,0
1415,-53.0,-348.0,-59.0,0
1416,-56.0,-354.0,-60.0,0
1417,-53.0,-361.0,-62.0,0
1418,-50.0,-368.0,-59.0,0
1419,-53.0,-367.0,-61.0,0
1420,-52.0,-372.0,-63.0,0
1421,-52.0,-372.0,-69.0,0
1422,-54.0,-372.0,-69.0,0
1423,-53.0,-370.0,-78.0,0
1424,-57.0,-366.0,-86.0,0
1425,-52.0,-357.0,-88.0,0
1426,-58.0,-349.0,-92.0,0
1427,-64.0,-338.0,-93.0,0
1428,-63.0,-330.0,-94.0,0
1429,-61.0,-322.0,-98.0,0
1430,-64.0,-308.0,-96.0,0
1431,-61.0,-299.0,-97.0,0
1432,-59.0,-288.0,-96.0,0
1433,-51.0,-283.0,-90.0,0
1434,-39.0,-274.0,-97.0,0
1435,-33.0,-269.0,-100.0,0
1436,-24.0,-258.0,-109.0,0
1437,-19.0,-252.0,-107.0,0
1438,-7.0,-249.0,-111.0,0
1439,2.0,-247.0,-118.0,0
1440,9.0,-240.0,-116.0,0
1441,20.0,-236.0,-118.0,0
1442,27.0,-229.0,-124.0,0
1443,35.0,-229.0,-130.0,0
1444,40.0,-222.0,-130.0,0
1445,41.0,-222.0,-131.0,0
1446,37.0,-217.0,-132.0,0
1447,36.0,-216.0,-121.0,0
1448,22.0,-209.0,-123.0,0
1449,15.0,-208.0,-126.0,0
1450,0.0,-206.0,-124.0,0
1451,-3.0,-208.0,-121.0,0
1452,-14.0,-210.0,-119.0,0
1453,-20.0,-214.0,-115.0,0
1454,-26.0,-219.0,-114.0,0
1455,-34.0,-225.0,-111.0,0
1456,-37.0,-230.0,-101.0,0
1457,-39.0,-236.0,-106.0,0
1458,-39.0,-239.0,-109.0,0
1459,-35.0,-235.0,-104.0,0
1460,-28.0,-237.0,-113.0,0
1461,-22.0,-238.0,-114.0,0
1462,-16.0,-238.0,-114.0,0
1463,-7.0,-241.0,-110.0,0
1464,1.0,-238.0,-114.0,0
1465,9.0,-237.0,-115.0,0
1466,13.0,-231.0,-110.0,0
1467,14.0,-232.0,-108.0,0
1468,17.0,-226.0,-103.0,0
1469,23.0,-225.0,-106.0,0
1470,22.0,-217.0,-100.0,0
1471,26.0,-212.0,-97.0,0
1472,26.0,-209.0,-92.0,0
1473,25.0,-207.0,-92.0,0
1474,25.0,-206.0,-88.0,0
1475,26.0,-207.0,-90.0,0
1476,22.0,-207.0,-88.0,0
1477,19.0,-205.0,-82.0,0
1478,20.0,-214.0,-85.0,0
1479,15.0,-215.0,-82.0,0
1480,14.0,-214.0,-78.0,0
1481,12.0,-218.0,-74.0,0
1482,10.0,-215.0,-73.0,0
1483,6.0,-214.0,-70.0,0
1484,5.0,-212.0,-64.0,0
1485,4.0,-211.0,-67.0,0
1486,2.0,-210.0,-66.0,0
1487,3.0,-208.0,-60.0,0
1488,1.0,-208.0,-65.0,0
1489,2.0,-206.0,-59.0,0
1490,8.0,-205.0,-61.0,0
1491,7.0,-206.0,-66.0,0
1492,4.0,-204.0,-63.0,0
1493,5.0,-208.0,-64.0,0
1494,8.0,-200.0,-67.0,0
1495,12.0,-200.0,-67.0,0
1496,8.0,-196.0,-63.0,0
1497,9.0,-196.0,-60.0,0
1498,10.0,-193.0,-68.0,0
1499,4.0,-187.0,-62.0,0
1500,2.0,-185.0,-66.0,0
1501,-1.0,-185.0,-63.0,0
1502,-2.0,-183.0,-59.0,0
1503,-4.0,-184.0,-59.0,0
1504,-2.0,-189.0,-58.0,0
1505,-7.0,-188.0,-59.0,0
1506,-11.0,-186.0,-58.0,0
1507,-8.0,-186.0,-62.0,0
1508,-11.0,-184.0,-61.0,0
1509,-14.0,-189.0,-61.0,0
1510,-17.0,-192.0,-58.0,0
1511,-19.0,-196.0,-57.0,0
1512,-18.0,-200.0,-55.0,0
1513,-18.0,-204.0,-50.0,0
1514,-23.0,-206.0,-50.0,0
1515,-21.0,-209.0,-51.0,0
1516,-20.0,-215.0,-47.0,0
1517,-20.0,-220.0,-47.0,0
1518,-21.0,-225.0,-48.0,0
1519,-20.0,-228.0,-41.0,0
1520,-18.0,-236.0,-45.0,0
1521,-18.0,-234.0,-40.0,0
1522,-19.0,-238.0,-40.0,0
1523,-11.0,-244.0,-32.0,0
1524,-15.0,-243.0,-35.0,0
1525,-10.0,-247.0,-37.0,0
1526,-8.0,-245.0,-33.0,0
1527,-7.0,-245.0,-27.0,0
1528,-3.0,-247.0,-32.0,0
1529,1.0,-244.0,-28.0,0
1530,8.0,-244.0,-30.0,0
1531,7.0,-243.0,-35.0,0
1532,14.0,-244.0,-37.0,0
1533,15.0,-244.0,-35.0,0
1534,16.0,-242.0,-40.0,0
1535,25.0,-243.0,-36.0,0
1536,26.0,-241.0,-41.0,0
1537,28.0,-241.0,-39.0,0
1538,33.0,-240.0,-34.0,0
1539,32.0,-240.0,-32.0,0
1540,33.0,-242.0,-30.0,0
1541,37.0,-243.0,-29.0,0
1542,36.0,-239.0,-26.0,0
1543,36.0,-238.0,-21.0,0
1544,37.0,-240.0,-25.0,0
1545,34.0,-243.0,-27.0,0
1546,36.0,-245.0,-21.0,0
1547,35.0,-245.0,-17.0,0
1548,32.0,-240.0,-21.0,0
1549,30.0,-242.0,-22.0,0
1550,29.0,-238.0,-19.0,0
1551,28.0,-239.0,-20.0,0
1552,29.0,-238.0,-27.0,0
1553,28.0,-235.0,-26.0,0
1554,31.0,-233.0,-33.0,0
1555,30.0,-236.0,-33.0,0
1556,34.0,-233.0,-30.0,0
1557,35.0,-237.0,-33.0,0
1558,37.0,-238.0,-32.0,0
1559,39.0,-241.0,-33.0,0
1560,41.0,-243.0,-32.0,0
1561,41.0,-244.0,-29.0,0
1562,44.0,-244.0,-26.0,0
1563,42.0,-243.0,-25.0,0
1564,44.0,-244.0,-23.0,0
1565,44.0,-241.0,-24.0,0
1566,47.0,-244.0,-25.0,0
1567,44.0,-239.0,-25.0,0
1568,40.0,-233.0,-24.0,0
1569,40.0,-231.0,-24.0,0
1570,42.0,-230.0,-24.0,0
1571,43.0,-230.0,-28.0,0
1572,45.0,-233.0,-37.0,0
1573,44.0,-232.0,-30.0,0
1574,43.0,-236.0,-36.0,0
1575,44.0,-242.0,-39.0,0
1576,42.0,-244.0,-38.0,0
1577,47.0,-258.0,-35.0,0
1578,47.0,-256.0,-36.0,0
1579,51.0,-263.0,-41.0,0
1580,52.0,-272.0,-48.0,0
1581,51.0,-276.0,-50.0,0
1582,52.0,-279.0,-55.0,0
1583,51.0,-282.0,-58.0,0
1584,47.0,-283.0,-60.0,0
1585,44.0,-285.0,-64.0,0
1586,40.0,-285.0,-69.0,0
1587,36.0,-286.0,-67.0,0
1588,30.0,-288.0,-71.0,0
1589,25.0,-290.0,-72.0,0
1590,23.0,-289.0,-71.0,0
1591,21.0,-291.0,-68.0,0
1592,18.0,-293.0,-73.0,0
1593,17.0,-296.0,-79.0,0
1594,21.0,-303.0,-81.0,0
1595,27.0,-308.0,-84.0,0
1596,29.0,-315.0,-97.0,0
1597,34.0,-323.0,-103.0,0
1598,41.0,-326.0,-105.0,0
1599,42.0,-331.0,-116.0,0
1600,47.0,-336.0,-114.0,0
1601,45.0,-340.0,-114.0,0
1602,45.0,-342.0,-114.0,0
1603,44.0,-347.0,-115.0,0
1604,41.0,-351.0,-117.0,0
1605,37.0,-351.0,-117.0,0
1606,32.0,-351.0,-120.0,0
1607,27.0,-342.0,-121.0,0
1608,15.0,-332.0,-117.0,0
1609,7.0,-324.0,-117.0,0
1610,3.0,-314.0,-119.0,0
1611,-4.0,-304.0,-122.0,0
1612,-8.0,-295.0,-122.0,0
1613,-12.0,-284.0,-118.0,0
1614,-14.0,-275.0,-121.0,0
1615,-15.0,-265.0,-119.0,0
1616,-18.0,-262.0,-114.0,0
1617,-16.0,-258.0,-119.0,0
1618,-16.0,-257.0,-119.0,0
1619,-16.0,-254.0,-118.0,0
1620,-16.0,-252.0,-114.0,0
1621,-16.0,-251.0,-118.0,0
1622,-20.0,-251.0,-118.0,0
1623,-20.0,-250.0,-118.0,0
1624,-19.0,-246.0,-117.0,0
1625,-20.0,-250.0,-117.0,0
1626,-20.0,-248.0,-118.0,0
1627,-24.0,-250.0,-120.0,0
1628,-24.0,-249.0,-118.0,0
1629,-22.0,-249.0,-125.0,0
1630,-27.0,-251.0,-123.0,0
1631,-31.0,-251.0,-127.0,0
1632,-31.0,-252.0,-129.0,0
1633,-32.0,-257.0,-129.0,0
1634,-37.0,-257.0,-130.0,0
1635,-41.0,-258.0,-128.0,0
1636,-43.0,-262.0,-126.0,0
1637,-48.0,-265.0,-129.0,0
1638,-47.0,-265.0,-132.0,0
1639,-48.0,-262.0,-128.0,0
1640,-51.0,-265.0,-127.0,0
1641,-53.0,-259.0,-126.0,0
1642,-46.0,-256.0,-125.0,0
1643,-52.0,-258.0,-121.0,0
1644,-50.0,-258.0,-117.0,0
1645,-54.0,-252.0,-110.0,0
1646,-53.0,-250.0,-109.0,0
1647,-53.0,-250.0,-108.0,0
1648,-50.0,-245.0,-109.0,0
1649,-52.0,-246.0,-102.0,0
1650,-49.0,-241.0,-105.0,0
1651,-46.0,-239.0,-102.0,0
1652,-45.0,-236.0,-97.0,0
1653,-42.0,-230.0,-97.0,0
1654,-38.0,-234.0,-93.0,0
1655,-35.0,-232.0,-92.0,0
1656,-34.0,-232.0,-86.0,0
1657,-31.0,-233.0,-84.0,0
1658,-30.0,-233.0,-85.0,0
1659,-33.0,-230.0,-84.0,0
1660,-28.0,-234.0,-82.0,0
1661,-30.0,-231.0,-78.0,0
1662,-31.0,-233.0,-78.0,0
1663,-29.0,-230.0,-76.0,0
1664,-31.0,-229.0,-76.0,0
1665,-33.0,-228.0,-77.0,0
1666,-33.0,-226.0,-77.0,0
1667,-33.0,-224.0,-78.0,0
1668,-36.0,-224.0,-70.0,0
1669,-39.0,-223.0,-72.0,0
1670,-38.0,-219.0,-65.0,0
1671,-40.0,-218.0,-67.0,0
1672,-40.0,-215.0,-70.0,0
1673,-39.0,-211.0,-65.0,0
1674,-35.0,-206.0,-67.0,0
1675,-38.0,-205.0,-64.0,0
1676,-36.0,-199.0,-63.0,0
1677,-35.0,-196.0,-68.0,0
1678,-33.0,-193.0,-65.0,0
1679,-31.0,-189.0,-68.0,0
1680,-29.0,-185.0,-73.0,0
1681,-25.0,-184.0,-66.0,0
1682,-21.0,-187.0,-69.0,0
1683,-23.0,-181.0,-63.0,0
1684,-19.0,-180.0,-59.0,0
1685,-17.0,-171.0,-56.0,0
1686,-15.0,-176.0,-57.0,0
1687,-17.0,-173.0,-58.0,0
1688,-17.0,-172.0,-55.0,0
1689,-17.0,-175.0,-56.0,0
1690,-18.0,-178.0,-55.0,0
1691,-20.0,-178.0,-58.0,0
1692,-27.0,-178.0,-56.0,0
1693,-26.0,-179.0,-61.0,0
1694,-31.0,-180.0,-54.0,0
1695,-27.0,-185.0,-57.0,0
1696,-27.0,-185.0,-58.0,0
1697,-32.0,-195.0,-52.0,0
1698,-31.0,-197.0,-53.0,0
1699,-32.0,-199.0,-50.0,0
1700,-31.0,-204.0,-52.0,0
1701,-31.0,-210.0,-50.0,0
1702,-26.0,-212.0,-49.0,0
1703,-25.0,-212.0,-47.0,0
1704,-24.0,-213.0,-48.0,0
1705,-20.0,-218.0,-51.0,0
1706,-17.0,-218.0,-54.0,0
1707,-17.0,-224.0,-56.0,0
1708,-14.0,-222.0,-58.0,0
1709,-17.0,-219.0,-57.0,0
1710,-15.0,-222.0,-56.0,0
1711,-16.0,-225.0,-54.0,0
1712,-20.0,-225.0,-54.0,0
1713,-21.0,-227.0,-52.0,0
1714,-23.0,-230.0,-51.0,0
1715,-29.0,-228.0,-49.0,0
1716,-27.0,-229.0,-51.0,0
1717,-29.0,-234.0,-48.0,0
1718,-32.0,-233.0,-43.0,0
1719,-30.0,-237.0,-48.0,0
1720,-31.0,-241.0,-44.0,0
1721,-35.0,-239.0,-38.0,0
1722,-33.0,-242.0,-41.0,0
1723,-33.0,-243.0,-38.0,0
1724,-35.0,-244.0,-38.0,0
1725,-37.0,-246.0,-32.0,0
1726,-38.0,-246.0,-30.0,0
1727,-36.0,-247.0,-32.0,0
1728,-45.0,-246.0,-32.0,0
1729,-40.0,-248.0,-23.0,0
1730,-46.0,-245.0,-33.0,0
1731,-48.0,-245.0,-34.0,0
1732,-49.0,-244.0,-34.0,0
1733,-51.0,-242.0,-31.0,0
1734,-51.0,-243.0,-30.0,0
1735,-52.0,-244.0,-31.0,0
1736,-53.0,-241.0,-37.0,0
1737,-55.0,-242.0,-32.0,0
1738,-49.0,-239.0,-27.0,0
1739,-52.0,-240.0,-25.0,0
1740,-55.0,-236.0,-27.0,0
1741,-54.0,-233.0,-28.0,0
1742,-55.0,-231.0,-31.0,0
1743,-52.0,-232.0,-33.0,0
1744,-55.0,-228.0,-32.0,0
1745,-56.0,-227.0,-41.0,0
1746,-53.0,-228.0,-42.0,0
1747,-52.0,-232.0,-44.0,0
1748,-53.0,-233.0,-34.0,0
1749,-52.0,-231.0,-37.0,0
1750,-53.0,-229.0,-44.0,0
1751,-51.0,-235.0,-48.0,0
1752,-49.0,-233.0,-46.0,0
1753,-46.0,-231.0,-43.0,0
1754,-46.0,-235.0,-42.0,0
1755,-42.0,-233.0,-38.0,0
1756,-39.0,-232.0,-37.0,0
1757,-38.0,-235.0,-39.0,0
1758,-35.0,-241.0,-36.0,0
1759,-35.0,-237.0,-32.0,0
1760,-37.0,-241.0,-34.0,0
1761,-39.0,-244.0,-36.0,0
1762,-42.0,-242.0,-31.0,0
1763,-48.0,-254.0,-37.0,0
1764,-57.0,-260.0,-37.0,0
1765,-60.0,-260.0,-41.0,0
1766,-63.0,-266.0,-40.0,0
1767,-70.0,-268.0,-46.0,0
1768,-75.0,-268.0,-49.0,0
1769,-75.0,-269.0,-49.0,0
1770,-77.0,-271.0,-53.0,0
1771,-78.0,-271.0,-55.0,0
1772,-79.0,-267.0,-67.0,0
1773,-76.0,-275.0,-59.0,0
1774,-73.0,-275.0,-60.0,0
1775,-73.0,-277.0,-61.0,0
1776,-71.0,-280.0,-62.0,0
1777,-67.0,-280.0,-69.0,0
1778,-63.0,-281.0,-70.0,0
1779,-60.0,-287.0,-79.0,0
1780,-60.0,-293.0,-80.0,0
1781,-55.0,-304.0,-81.0,0
1782,-57.0,-312.0,-90.0,0
1783,-58.0,-330.0,-104.0,0
1784,-56.0,-340.0,-105.0,0
1785,-57.0,-354.0,-112.0,0
1786,-53.0,-370.0,-118.0,0
1787,-58.0,-381.0,-129.0,0
1788,-60.0,-391.0,-136.0,0
1789,-59.0,-402.0,-142.0,0
1790,-58.0,-409.0,-140.0,0
1791,-58.0,-406.0,-131.0,0
1792,-48.0,-398.0,-128.0,0
1793,-45.0,-387.0,-134.0,0
1794,-36.0,-374.0,-132.0,0
1795,-28.0,-353.0,-130.0,0
1796,-28.0,-325.0,-133.0,0
1797,-23.0,-308.0,-134.0,0
1798,-20.0,-289.0,-133.0,0
1799,-20.0,-275.0,-129.0,0
1800,-20.0,-261.0,-130.0,0
1801,-20.0,-250.0,-123.0,0
1802,-24.0,-243.0,-121.0,0
1803,-19.0,-247.0,-124.0,0
1804,-27.0,-245.0,-117.0,0
1805,-25.0,-243.0,-115.0,0
1806,-25.0,-245.0,-117.0,0
1807,-29.0,-245.0,-125.0,0
1808,-29.0,-245.0,-126.0,0
1809,-28.0,-243.0,-130.0,0
1810,-30.0,-241.0,-131.0,0
1811,-29.0,-239.0,-130.0,0
1812,-27.0,-241.0,-134.0,0
1813,-28.0,-236.0,-131.0,0
1814,-22.0,-233.0,-131.0,0
1815,-22.0,-232.0,-134.0,0
1816,-19.0,-235.0,-134.0,0
1817,-18.0,-234.0,-132.0,0
1818,-14.0,-239.0,-134.0,0
1819,-8.0,-238.0,-127.0,0
1820,-3.0,-241.0,-130.0,0
1821,-1.0,-244.0,-127.0,0
1822,6.0,-244.0,-128.0,0
1823,11.0,-243.0,-131.0,0
1824,11.0,-245.0,-131.0,0
1825,13.0,-241.0,-128.0,0
1826,20.0,-236.0,-125.0,0
1827,14.0,-231.0,-121.0,0
1828,13.0,-225.0,-119.0,0
1829,10.0,-215.0,-113.0,0
1830,7.0,-211.0,-111.0,0
1831,5.0,-208.0,-109.0,0
1832,6.0,-204.0,-105.0,0
1833,-1.0,-197.0,-100.0,0
1834,-1.0,-190.0,-99.0,0
1835,-2.0,-188.0,-98.0,0
1836,-6.0,-192.0,-94.0,0
1837,-6.0,-188.0,-102.0,0
1838,-6.0,-187.0,-95.0,0
1839,-10.0,-192.0,-97.0,0
1840,-9.0,-196.0,-95.0,0
1841,-10.0,-199.0,-92.0,0
1842,-13.0,-202.0,-88.0,0
1843,-9.0,-202.0,-88.0,0
1844,-8.0,-200.0,-88.0,0
1845,-2.0,-206.0,-90.0,0
1846,3.0,-203.0,-83.0,0
1847,0.0,-196.0,-80.0,0
1848,5.0,-198.0,-96.0,0
1849,6.0,-200.0,-86.0,0
1850,11.0,-198.0,-87.0,0
1851,12.0,-193.0,-86.0,0
1852,14.0,-193.0,-88.0,0
1853,16.0,-188.0,-87.0,0
1854,15.0,-184.0,-85.0,0
1855,18.0,-182.0,-87.0,0
1856,17.0,-180.0,-87.0,0
1857,16.0,-181.0,-86.0,0
1858,23.0,-177.0,-83.0,0
1859,22.0,-179.0,-80.0,0
1860,17.0,-181.0,-77.0,0
1861,17.0,-181.0,-76.0,0
1862,13.0,-183.0,-73.0,0
1863,14.0,-186.0,-78.0,0
1864,11.0,-185.0,-73.0,0
1865,12.0,-187.0,-75.0,0
1866,11.0,-192.0,-73.0,0
1867,10.0,-194.0,-73.0,0
1868,10.0,-193.0,-70.0,0
1869,7.0,-197.0,-68.0,0
1870,8.0,-201.0,-69.0,0
1871,8.0,-208.0,-72.0,0
1872,6.0,-212.0,-67.0,0
1873,6.0,-215.0,-68.0,0
1874,9.0,-216.0,-67.0,0
1875,6.0,-213.0,-65.0,0
1876,7.0,-219.0,-61.0,0
1877,8.0,-215.0,-62.0,0
1878,10.0,-226.0,-62.0,0
1879,3.0,-225.0,-56.0,0
1880,2.0,-229.0,-60.0,0
1881,1.0,-236.0,-55.0,0
1882,0.0,-239.0,-55.0,0
1883,-6.0,-243.0,-53.0,0
1884,-7.0,-244.0,-54.0,0
1885,-7.0,-245.0,-53.0,0
1886,-9.0,-247.0,-50.0,0
1887,-11.0,-247.0,-58.0,0
1888,-13.0,-249.0,-58.0,0
1889,-9.0,-246.0,-57.0,0
1890,-12.0,-244.0,-58.0,0
1891,-8.0,-246.0,-57.0,0
1892,-5.0,-248.0,-56.0,0
1893,-6.0,-247.0,-57.0,0
1894,-4.0,-248.0,-52.0,0
1895,-1.0,-245.0,-51.0,0
1896,-3.0,-244.0,-51.0,0
1897,1.0,-243.0,-47.0,0
1898,3.0,-242.0,-51.0,0
1899,6.0,-239.0,-48.0,0
1900,7.0,-236.0,-46.0,0
1901,8.0,-239.0,-43.0,0
1902,7.0,-241.0,-42.0,0
1903,9.0,-242.0,-38.0,0
1904,8.0,-238.0,-39.0,0
1905,17.0,-242.0,-40.0,0
1906,16.0,-244.0,-48.0,0
1907,19.0,-241.0,-49.0,0
1908,21.0,-241.0,-52.0,0
1909,19.0,-242.0,-51.0,0
1910,17.0,-242.0,-49.0,0
1911,18.0,-236.0,-50.0,0
1912,21.0,-237.0,-46.0,0
1913,20.0,-234.0,-47.0,0
1914,26.0,-231.0,-42.0,0
1915,23.0,-229.0,-43.0,0
1916,28.0,-232.0,-42.0,0
1917,31.0,-229.0,-43.0,0
1918,30.0,-227.0,-39.0,0
1919,31.0,-223.0,-44.0,0
1920,30.0,-222.0,-41.0,0
1921,33.0,-223.0,-46.0,0
1922,35.0,-219.0,-50.0,0
1923,36.0,-219.0,-48.0,0
1924,38.0,-218.0,-57.0,0
1925,38.0,-225.0,-55.0,0
1926,35.0,-220.0,-55.0,0
1927,33.0,-219.0,-56.0,0
1928,31.0,-223.0,-54.0,0
1929,30.0,-223.0,-51.0,0
1930,29.0,-223.0,-52.0,0
1931,23.0,-223.0,-51.0,0
1932,24.0,-228.0,-53.0,0
1933,22.0,-228.0,-48.0,0
1934,20.0,-236.0,-49.0,0
1935,19.0,-235.0,-54.0,0
1936,20.0,-240.0,-47.0,0
1937,22.0,-243.0,-48.0,0
1938,23.0,-243.0,-43.0,0
1939,23.0,-245.0,-48.0,0
1940,22.0,-244.0,-49.0,0
1941,26.0,-246.0,-47.0,0
1942,21.0,-243.0,-45.0,0
1943,24.0,-242.0,-45.0,0
1944,23.0,-243.0,-48.0,0
1945,25.0,-242.0,-45.0,0
1946,23.0,-243.0,-45.0,0
1947,27.0,-243.0,-47.0,0
1948,30.0,-245.0,-45.0,0
1949,29.0,-244.0,-46.0,0
1950,31.0,-250.0,-48.0,0
1951,34.0,-253.0,-47.0,0
1952,32.0,-255.0,-44.0,0
1953,30.0,-258.0,-47.0,0
1954,33.0,-262.0,-46.0,0
1955,31.0,-261.0,-44.0,0
1956,31.0,-268.0,-40.0,0
1957,31.0,-268.0,-47.0,0
1958,32.0,-272.0,-45.0,0
1959,33.0,-274.0,-46.0,0
1960,36.0,-268.0,-51.0,0
1961,42.0,-272.0,-52.0,0
1962,44.0,-271.0,-53.0,0
1963,50.0,-270.0,-49.0,0
1964,59.0,-271.0,-54.0,0
1965,69.0,-276.0,-56.0,0
1966,73.0,-283.0,-59.0,0
1967,77.0,-287.0,-65.0,0
1968,80.0,-292.0,-60.0,0
1969,79.0,-299.0,-52.0,0
1970,78.0,-302.0,-54.0,0
1971,77.0,-309.0,-51.0,0
1972,72.0,-317.0,-50.0,0
1973,64.0,-320.0,-51.0,0
1974,55.0,-325.0,-55.0,0
1975,46.0,-322.0,-55.0,0
1976,40.0,-321.0,-58.0,0
1977,31.0,-315.0,-67.0,0
1978,27.0,-316.0,-74.0,0
1979,26.0,-310.0,-78.0,0
1980,24.0,-308.0,-88.0,0
1981,22.0,-306.0,-95.0,0
1982,24.0,-308.0,-98.0,0
1983,24.0,-310.0,-94.0,0
1984,28.0,-317.0,-101.0,0
1985,29.0,-323.0,-95.0,0
1986,34.0,-329.0,-98.0,0
1987,35.0,-334.0,-98.0,0
1988,39.0,-340.0,-100.0,0
1989,35.0,-343.0,-104.0,0
1990,40.0,-338.0,-100.0,0
1991,37.0,-329.0,-106.0,0
1992,35.0,-320.0,-101.0,0
1993,36.0,-309.0,-109.0,0
1994,33.0,-301.0,-113.0,0
1995,32.0,-290.0,-118.0,0
1996,29.0,-277.0,-118.0,0
1997,23.0,-265.0,-119.0,0
1998,21.0,-258.0,-126.0,0
1999,21.0,-252.0,-117.0,0
2000,15.0,-249.0,-123.0,0
2001,14.0,-240.0,-126.0,0
2002,12.0,-241.0,-126.0,0
2003,12.0,-240.0,-123.0,0
2004,13.0,-241.0,-124.0,0
2005,13.0,-245.0,-121.0,0
2006,8.0,-248.0,-122.0,0
2007,9.0,-251.0,-128.0,0
2008,10.0,-256.0,-130.0,0
2009,5.0,-256.0,-131.0,0
2010,6.0,-262.0,-130.0,0
2011,3.0,-259.0,-127.0,0
2012,4.0,-261.0,-128.0,0
2013,4.0,-261.0,-123.0,0
2014,4.0,-262.0,-118.0,0
2015,5.0,-261.0,-118.0,0
2016,5.0,-262.0,-120.0,0
2017,6.0,-259.0,-117.0,0
2018,12.0,-263.0,-121.0,0
2019,14.0,-263.0,-121.0,0
2020,18.0,-261.0,-121.0,0
2021,17.0,-257.0,-124.0,0
2022,22.0,-257.0,-126.0,0
2023,25.0,-250.0,-122.0,0
2024,23.0,-247.0,-125.0,0
2025,26.0,-244.0,-122.0,0
2026,24.0,-241.0,-121.0,0
2027,27.0,-238.0,-120.0,0
2028,21.0,-235.0,-114.0,0
2029,25.0,-231.0,-111.0,0
2030,23.0,-231.0,-110.0,0
2031,21.0,-234.0,-106.0,0
2032,23.0,-228.0,-104.0,0
2033,21.0,-227.0,-102.0,0
2034,20.0,-225.0,-99.0,0
2035,17.0,-227.0,-97.0,0
2036,18.0,-226.0,-93.0,0
2037,19.0,-228.0,-94.0,0
2038,19.0,-228.0,-95.0,0
2039,21.0,-231.0,-95.0,0
2040,19.0,-230.0,-92.0,0
2041,17.0,-227.0,-89.0,0
2042,15.0,-228.0,-91.0,0
2043,14.0,-238.0,-90.0,0
2044,11.0,-230.0,-88.0,0
2045,9.0,-231.0,-83.0,0
2046,7.0,-230.0,-81.0,0
2047,6.0,-225.0,-83.0,0
2048,3.0,-227.0,-81.0,0
2049,2.0,-225.0,-83.0,0
2050,-2.0,-217.0,-84.0,0
2051,-3.0,-212.0,-85.0,0
2052,-2.0,-209.0,-84.0,0
2053,-2.0,-204.0,-77.0,0
2054,-3.0,-206.0,-73.0,0
2055,-8.0,-199.0,-79.0,0
2056,-5.0,-198.0,-72.0,0
2057,-4.0,-196.0,-73.0,0
2058,-6.0,-198.0,-65.0,0
2059,-4.0,-196.0,-69.0,0
2060,-2.0,-201.0,-64.0,0
2061,2.0,-196.0,-66.0,0
2062,3.0,-199.0,-63.0,0
2063,7.0,-200.0,-61.0,0
2064,8.0,-194.0,-58.0,0
2065,17.0,-190.0,-60.0,0
2066,8.0,-193.0,-59.0,0
2067,11.0,-193.0,-64.0,0
2068,11.0,-190.0,-62.0,0
2069,13.0,-191.0,-64.0,0
2070,12.0,-191.0,-63.0,0
2071,12.0,-193.0,-54.0,0
2072,16.0,-196.0,-55.0,0
2073,11.0,-198.0,-54.0,0
2074,11.0,-198.0,-57.0,0
2075,3.0,-203.0,-56.0,0
2076,3.0,-201.0,-54.0,0
2077,1.0,-205.0,-58.0,0
2078,-2.0,-204.0,-57.0,0
2079,-6.0,-207.0,-58.0,0
2080,-11.0,-206.0,-61.0,0
2081,-14.0,-208.0,-60.0,0
2082,-16.0,-207.0,-62.0,0
2083,-19.0,-203.0,-60.0,0
2084,-20.0,-200.0,-56.0,0
2085,-20.0,-202.0,-55.0,0
2086,-23.0,-200.0,-53.0,0
2087,-21.0,-201.0,-52.0,0
2088,-21.0,-204.0,-47.0,0
2089,-23.0,-202.0,-49.0,0
2090,-23.0,-207.0,-43.0,0
2091,-22.0,-209.0,-38.0,0
2092,-21.0,-220.0,-40.0,0
2093,-22.0,-222.0,-35.0,0
2094,-19.0,-230.0,-41.0,0
2095,-20.0,-229.0,-33.0,0
2096,-21.0,-233.0,-41.0,0
2097,-21.0,-241.0,-40.0,0
2098,-19.0,-246.0,-46.0,0
2099,-21.0,-251.0,-46.0,0
2100,-23.0,-256.0,-44.0,0
2101,-24.0,-260.0,-43.0,0
2102,-27.0,-262.0,-43.0,0
2103,-28.0,-263.0,-38.0,0
2104,-31.0,-263.0,-35.0,0
2105,-39.0,-263.0,-29.0,0
2106,-42.0,-262.0,-28.0,0
2107,-45.0,-258.0,-18.0,0
2108,-44.0,-262.0,-26.0,0
2109,-46.0,-255.0,-19.0,0
2110,-48.0,-254.0,-19.0,0
2111,-47.0,-249.0,-20.0,0
2112,-46.0,-246.0,-13.0,0
2113,-45.0,-246.0,-16.0,0
2114,-46.0,-243.0,-13.0,0
2115,-46.0,-242.0,-12.0,0
2116,-39.0,-240.0,-7.0,0
2117,-35.0,-244.0,-12.0,0
2118,-35.0,-239.0,-3.0,0
2119,-31.0,-239.0,0.0,0
2120,-28.0,-244.0,-8.0,0
2121,-26.0,-243.0,-7.0,0
2122,-28.0,-245.0,-13.0,0
2123,-27.0,-244.0,-8.0,0
2124,-29.0,-244.0,-9.0,0
2125,-33.0,-246.0,-10.0,0
2126,-34.0,-244.0,-10.0,0
2127,-36.0,-241.0,-14.0,0
2128,-38.0,-240.0,-11.0,0
2129,-35.0,-243.0,-22.0,0
2130,-43.0,-242.0,-22.0,0
2131,-42.0,-242.0,-25.0,0
2132,-38.0,-243.0,-23.0,0
2133,-37.0,-243.0,-21.0,0
2134,-41.0,-243.0,-24.0,0
2135,-37.0,-246.0,-30.0,0
2136,-38.0,-244.0,-25.0,0
2137,-34.0,-246.0,-24.0,0
2138,-29.0,-247.0,-21.0,0
2139,-27.0,-241.0,-26.0,0
2140,-22.0,-241.0,-22.0,0
2141,-30.0,-236.0,-23.0,0
2142,-20.0,-235.0,-32.0,0
2143,-21.0,-236.0,-30.0,0
2144,-25.0,-229.0,-30.0,0
2145,-26.0,-225.0,-30.0,0
2146,-31.0,-227.0,-31.0,0
2147,-32.0,-226.0,-29.0,0
2148,-34.0,-228.0,-30.0,0
2149,-43.0,-231.0,-31.0,0
2150,-46.0,-234.0,-24.0,0
2151,-51.0,-233.0,-20.0,0
2152,-54.0,-239.0,-19.0,0
2153,-60.0,-245.0,-15.0,0
2154,-62.0,-244.0,-21.0,0
2155,-61.0,-246.0,-19.0,0
2156,-62.0,-249.0,-17.0,0
2157,-60.0,-250.0,-17.0,0
2158,-57.0,-255.0,-19.0,0
2159,-52.0,-251.0,-17.0,0
2160,-48.0,-254.0,-19.0,0
2161,-44.0,-252.0,-17.0,0
2162,-43.0,-255.0,-3.0,0
2163,-39.0,-253.0,-12.0,0
2164,-34.0,-255.0,-6.0,0
2165,-34.0,-256.0,-3.0,0
2166,-35.0,-260.0,-6.0,0
2167,-35.0,-263.0,-5.0,0
2168,-35.0,-267.0,-7.0,0
2169,-37.0,-264.0,-2.0,0
2170,-36.0,-269.0,-4.0,0
2171,-40.0,-268.0,-10.0,0
2172,-42.0,-270.0,-13.0,0
2173,-40.0,-273.0,-11.0,0
2174,-40.0,-266.0,-21.0,0
2175,-38.0,-263.0,-25.0,0
2176,-39.0,-262.0,-26.0,0
2177,-43.0,-257.0,-30.0,0
2178,-47.0,-259.0,-27.0,0
2179,-48.0,-263.0,-29.0,0
2180,-50.0,-265.0,-26.0,0
2181,-56.0,-268.0,-19.0,0
2182,-60.0,-268.0,-23.0,0
2183,-67.0,-270.0,-25.0,0
2184,-75.0,-274.0,-25.0,0
2185,-76.0,-277.0,-26.0,0
2186,-75.0,-281.0,-32.0,0
2187,-76.0,-282.0,-32.0,0
2188,-69.0,-279.0,-30.0,0
2189,-65.0,-278.0,-32.0,0
2190,-59.0,-272.0,-31.0,0
2191,-53.0,-268.0,-30.0,0
2192,-48.0,-271.0,-36.0,0
2193,-47.0,-270.0,-38.0,0
2194,-43.0,-267.0,-40.0,0
2195,-36.0,-271.0,-35.0,0
2196,-45.0,-272.0,-34.0,0
2197,-47.0,-278.0,-35.0,0
2198,-52.0,-286.0,-30.0,0
2199,-60.0,-294.0,-30.0,0
2200,-61.0,-301.0,-22.0,0
2201,-55.0,-309.0,-29.0,0
2202,-53.0,-310.0,-27.0,0
2203,-51.0,-313.0,-29.0,0
2204,-46.0,-308.0,-34.0,0
2205,-39.0,-313.0,-42.0,0
2206,-39.0,-300.0,-47.0,0
2207,-34.0,-292.0,-51.0,0
2208,-28.0,-285.0,-56.0,0
2209,-24.0,-277.0,-62.0,0
2210,-20.0,-268.0,-58.0,0
2211,-19.0,-256.0,-64.0,0
2212,-17.0,-249.0,-58.0,0
2213,-12.0,-243.0,-64.0,0
2214,-2.0,-238.0,-65.0,0
2215,4.0,-237.0,-66.0,0
2216,5.0,-230.0,-66.0,0
2217,15.0,-239.0,-71.0,0
2218,16.0,-239.0,-71.0,0
2219,20.0,-238.0,-64.0,0
2220,22.0,-240.0,-64.0,0
2221,22.0,-239.0,-61.0,0
2222,19.0,-236.0,-57.0,0
2223,23.0,-235.0,-54.0,0
2224,21.0,-232.0,-64.0,0
2225,26.0,-232.0,-69.0,0
2226,23.0,-229.0,-65.0,0
2227,31.0,-225.0,-69.0,0
2228,31.0,-226.0,-77.0,0
2229,31.0,-236.0,-83.0,0
2230,30.0,-239.0,-89.0,0
2231,23.0,-241.0,-88.0,0
2232,21.0,-244.0,-85.0,0
2233,8.0,-243.0,-81.0,0
2234,5.0,-252.0,-78.0,0
2235,-1.0,-258.0,-82.0,0
2236,-7.0,-259.0,-77.0,0
2237,-13.0,-263.0,-74.0,0
2238,-17.0,-267.0,-79.0,0
2239,-22.0,-268.0,-78.0,0
2240,-27.0,-270.0,-77.0,0
2241,-26.0,-270.0,-75.0,0
2242,-25.0,-268.0,-77.0,0
2243,-23.0,-265.0,-72.0,0
2244,-19.0,-260.0,-69.0,0
2245,-15.0,-254.0,-72.0,0
2246,-9.0,-251.0,-74.0,0
2247,-5.0,-244.0,-70.0,0
2248,8.0,-243.0,-76.0,0
2249,18.0,-245.0,-70.0,0
2250,22.0,-245.0,-66.0,0
2251,27.0,-245.0,-63.0,0
2252,33.0,-248.0,-62.0,0
2253,35.0,-249.0,-56.0,0
2254,38.0,-250.0,-54.0,0
2255,35.0,-255.0,-51.0,0
2256,37.0,-256.0,-52.0,0
2257,38.0,-259.0,-50.0,0
2258,39.0,-260.0,-52.0,0
2259,37.0,-260.0,-62.0,0
2260,42.0,-254.0,-52.0,0
2261,42.0,-259.0,-58.0,0
2262,45.0,-260.0,-64.0,0
2263,42.0,-256.0,-67.0,0
2264,44.0,-256.0,-65.0,0
2265,43.0,-252.0,-68.0,0
2266,36.0,-251.0,-73.0,0
2267,42.0,-254.0,-77.0,0
2268,35.0,-250.0,-72.0,0
2269,31.0,-251.0,-78.0,0
2270,40.0,-238.0,-86.0,0
2271,30.0,-252.0,-80.0,0
2272,24.0,-250.0,-77.0,0
2273,25.0,-254.0,-75.0,0
2274,22.0,-254.0,-77.0,0
2275,20.0,-254.0,-80.0,0
2276,17.0,-254.0,-73.0,0
2277,10.0,-251.0,-75.0,0
2278,11.0,-251.0,-76.0,0
2279,9.0,-249.0,-74.0,0
2280,8.0,-252.0,-78.0,0
2281,11.0,-259.0,-83.0,0
2282,10.0,-255.0,-81.0,0
2283,11.0,-255.0,-89.0,0
2284,9.0,-257.0,-85.0,0
2285,12.0,-258.0,-88.0,0
2286,17.0,-261.0,-88.0,0
2287,17.0,-255.0,-87.0,0
2288,23.0,-255.0,-90.0,0
2289,27.0,-251.0,-91.0,0
2290,28.0,-250.0,-96.0,0
2291,32.0,-243.0,-97.0,0
2292,35.0,-241.0,-98.0,0
2293,33.0,-235.0,-100.0,0
2294,33.0,-234.0,-98.0,0
2295,31.0,-231.0,-104.0,0
2296,27.0,-229.0,-98.0,0
2297,24.0,-224.0,-97.0,0
2298,24.0,-226.0,-96.0,0
2299,23.0,-226.0,-102.0,0
2300,24.0,-225.0,-97.0,0
2301,27.0,-225.0,-102.0,0
2302,27.0,-223.0,-97.0,0
2303,18.0,-218.0,-97.0,0
2304,18.0,-218.0,-99.0,0
2305,17.0,-218.0,-98.0,0
2306,14.0,-219.0,-94.0,0
2307,11.0,-219.0,-99.0,0
2308,7.0,-222.0,-98.0,0
2309,8.0,-225.0,-99.0,0
2310,-2.0,-220.0,-93.0,0
2311,1.0,-226.0,-102.0,0
2312,-2.0,-220.0,-94.0,0
2313,-8.0,-220.0,-92.0,0
2314,-8.0,-219.0,-93.0,0
2315,-4.0,-213.0,-90.0,0
2316,-3.0,-211.0,-89.0,0
2317,-1.0,-214.0,-93.0,0
2318,4.0,-210.0,-92.0,0
2319,8.0,-212.0,-94.0,0
2320,11.0,-216.0,-97.0,0
2321,7.0,-217.0,-97.0,0
2322,5.0,-218.0,-100.0,0
2323,9.0,-225.0,-106.0,0
2324,12.0,-226.0,-95.0,0
2325,16.0,-225.0,-100.0,0
2326,12.0,-230.0,-97.0,0
2327,11.0,-235.0,-94.0,0
2328,8.0,-238.0,-90.0,0
2329,7.0,-235.0,-88.0,0
2330,4.0,-234.0,-84.0,0
2331,4.0,-232.0,-83.0,0
2332,1.0,-232.0,-83.0,0
2333,-4.0,-223.0,-84.0,0
2334,-6.0,-225.0,-87.0,0
2335,-10.0,-218.0,-83.0,0
2336,-13.0,-219.0,-83.0,0
2337,-18.0,-215.0,-84.0,0
2338,-20.0,-218.0,-87.0,0
2339,-24.0,-213.0,-90.0,0
2340,-28.0,-216.0,-85.0,0
2341,-33.0,-219.0,-85.0,0
2342,-36.0,-218.0,-84.0,0
2343,-40.0,-223.0,-88.0,0
2344,-45.0,-226.0,-91.0,0
2345,-51.0,-225.0,-82.0,0
2346,-52.0,-232.0,-76.0,0
2347,-58.0,-231.0,-76.0,0
2348,-62.0,-231.0,-72.0,0
2349,-69.0,-231.0,-69.0,0
2350,-77.0,-229.0,-66.0,0
2351,-79.0,-222.0,-62.0,0
2352,-81.0,-222.0,-61.0,0
2353,-83.0,-222.0,-58.0,0
2354,-79.0,-224.0,-55.0,0
2355,-72.0,-218.0,-52.0,0
2356,-75.0,-225.0,-53.0,0
2357,-71.0,-226.0,-51.0,0
2358,-63.0,-237.0,-51.0,0
2359,-60.0,-243.0,-52.0,0
2360,-55.0,-247.0,-53.0,0
2361,-51.0,-256.0,-56.0,0
2362,-47.0,-264.0,-52.0,0
2363,-42.0,-272.0,-56.0,0
2364,-40.0,-276.0,-55.0,0
2365,-36.0,-279.0,-53.0,0
2366,-30.0,-282.0,-54.0,0
2367,-28.0,-283.0,-50.0,0
2368,-19.0,-287.0,-49.0,0
2369,-13.0,-283.0,-50.0,0
2370,-7.0,-279.0,-52.0,0
2371,1.0,-275.0,-50.0,0
2372,9.0,-268.0,-49.0,0
2373,13.0,-257.0,-49.0,0
2374,18.0,-252.0,-47.0,0
2375,17.0,-244.0,-43.0,0
2376,17.0,-238.0,-40.0,0
2377,10.0,-234.0,-34.0,0
2378,1.0,-231.0,-35.0,0
2379,-7.0,-221.0,-34.0,0
2380,-18.0,-228.0,-31.0,0
2381,-30.0,-227.0,-31.0,0
2382,-42.0,-227.0,-30.0,0
2383,-49.0,-229.0,-32.0,0
2384,-55.0,-232.0,-31.0,0
2385,-59.0,-232.0,-39.0,0
2386,-63.0,-235.0,-39.0,0
2387,-62.0,-242.0,-42.0,0
2388,-60.0,-241.0,-39.0,0
2389,-55.0,-248.0,-44.0,0
2390,-52.0,-247.0,-41.0,0
2391,-48.0,-250.0,-41.0,0
2392,-48.0,-253.0,-37.0,0
2393,-46.0,-254.0,-39.0,0
2394,-43.0,-260.0,-39.0,0
2395,-37.0,-260.0,-40.0,0
2396,-34.0,-255.0,-38.0,0
2397,-34.0,-257.0,-38.0,0
2398,-31.0,-251.0,-36.0,0
2399,-33.0,-247.0,-39.0,0
2400,-31.0,-246.0,-38.0,0
2401,-27.0,-247.0,-40.0,0
2402,-35.0,-248.0,-33.0,0
2403,-32.0,-250.0,-33.0,0
2404,-37.0,-250.0,-30.0,0
2405,-34.0,-252.0,-19.0,0
2406,-35.0,-255.0,-24.0,0
2407,-36.0,-258.0,-20.0,0
2408,-35.0,-261.0,-24.0,0
2409,-37.0,-261.0,-25.0,0
2410,-38.0,-262.0,-24.0,0
2411,-34.0,-262.0,-26.0,0
2412,-31.0,-262.0,-23.0,0
2413,-33.0,-258.0,-27.0,0
2414,-30.0,-255.0,-22.0,0
2415,-33.0,-255.0,-21.0,0
2416,-33.0,-252.0,-18.0,0
2417,-31.0,-252.0,-20.0,0
2418,-27.0,-248.0,-19.0,0
2419,-28.0,-251.0,-21.0,0
2420,-25.0,-250.0,-18.0,0
2421,-24.0,-248.0,-19.0,0
2422,-27.0,-252.0,-17.0,0
2423,-24.0,-248.0,-22.0,0
2424,-23.0,-253.0,-23.0,0
2425,-26.0,-249.0,-24.0,0
2426,-29.0,-250.0,-23.0,0
2427,-35.0,-249.0,-25.0,0
2428,-34.0,-246.0,-28.0,0
2429,-37.0,-247.0,-23.0,0
2430,-42.0,-246.0,-24.0,0
2431,-47.0,-243.0,-20.0,0
2432,-52.0,-242.0,-18.0,0
2433,-56.0,-238.0,-21.0,0
2434,-61.0,-237.0,-19.0,0
2435,-67.0,-235.0,-18.0,0
2436,-70.0,-235.0,-15.0,0
2437,-76.0,-232.0,-19.0,0
2438,-77.0,-230.0,-17.0,0
2439,-79.0,-231.0,-14.0,0
2440,-74.0,-232.0,-16.0,0
2441,-77.0,-232.0,-15.0,0
2442,-72.0,-233.0,-10.0,0
2443,-70.0,-235.0,-4.0,0
2444,-69.0,-235.0,-7.0,0
2445,-60.0,-238.0,-3.0,0
2446,-54.0,-241.0,2.0,0
2447,-49.0,-241.0,-4.0,0
2448,-46.0,-242.0,0.0,0
2449,-41.0,-242.0,3.0,0
2450,-35.0,-244.0,0.0,0
2451,-38.0,-242.0,4.0,0
2452,-35.0,-241.0,-2.0,0
2453,-28.0,-240.0,-1.0,0
2454,-21.0,-240.0,-1.0,0
2455,-18.0,-238.0,-6.0,0
2456,-13.0,-238.0,0.0,0
2457,-7.0,-238.0,4.0,0
2458,-9.0,-232.0,2.0,0
2459,-4.0,-234.0,2.0,0
2460,-3.0,-233.0,-1.0,0
2461,-6.0,-235.0,-2.0,0
2462,-3.0,-239.0,-7.0,0
2463,-8.0,-239.0,-5.0,0
2464,-4.0,-244.0,-13.0,0
2465,-8.0,-244.0,-9.0,0
2466,10.0,-247.0,-17.0,0
2467,-6.0,-248.0,-15.0,0
2468,-7.0,-249.0,-12.0,0
2469,-9.0,-252.0,-13.0,0
2470,-11.0,-251.0,-9.0,0
2471,-13.0,-253.0,-10.0,0
2472,-13.0,-257.0,-9.0,0
2473,-14.0,-262.0,-14.0,0
2474,-13.0,-257.0,-11.0,0
2475,-13.0,-262.0,-13.0,0
2476,-11.0,-262.0,-11.0,0
2477,-10.0,-264.0,-21.0,0
2478,-5.0,-262.0,-18.0,0
2479,4.0,-258.0,-17.0,0
2480,12.0,-256.0,-19.0,0
2481,8.0,-250.0,-19.0,0
2482,3.0,-250.0,-17.0,0
2483,-2.0,-255.0,-17.0,0
2484,-3.0,-253.0,-8.0,0
2485,-12.0,-251.0,-7.0,0
2486,-15.0,-251.0,-8.0,0
2487,-19.0,-244.0,-9.0,0
2488,-29.0,-243.0,-2.0,0
2489,-31.0,-243.0,-4.0,0
2490,-36.0,-243.0,3.0,0
2491,-35.0,-239.0,0.0,0
2492,-35.0,-238.0,0.0,0
2493,-35.0,-239.0,-4.0,0
2494,-35.0,-239.0,-5.0,0
2495,-35.0,-241.0,-3.0,0
2496,-28.0,-238.0,-6.0,0
2497,-22.0,-239.0,-4.0,0
2498,-25.0,-245.0,0.0,0
2499,-18.0,-243.0,-6.0,0
2500,-16.0,-246.0,-1.0,0
2501,-12.0,-253.0,1.0,0
2502,-12.0,-252.0,-2.0,0
2503,-9.0,-254.0,-4.0,0
2504,-11.0,-256.0,3.0,0
2505,-9.0,-259.0,4.0,0
2506,-5.0,-256.0,2.0,0
2507,-10.0,-254.0,-1.0,0
2508,-15.0,-254.0,-7.0,0
2509,-7.0,-249.0,-11.0,0
2510,-15.0,-248.0,-11.0,0
2511,-18.0,-246.0,-9.0,0
2512,-18.0,-247.0,-11.0,0
2513,-15.0,-247.0,-10.0,0
2514,-18.0,-250.0,-12.0,0
2515,-20.0,-252.0,-7.0,0
2516,-18.0,-254.0,-7.0,0
2517,-17.0,-254.0,-4.0,0
2518,-13.0,-261.0,-5.0,0
2519,-12.0,-257.0,3.0,0
2520,-6.0,-254.0,-9.0,0
2521,-7.0,-255.0,-4.0,0
2522,-3.0,-254.0,-3.0,0
2523,0.0,-253.0,-7.0,0
2524,5.0,-248.0,-6.0,0
2525,3.0,-246.0,-10.0,0
2526,2.0,-245.0,-15.0,0
2527,3.0,-247.0,-8.0,0
2528,3.0,-247.0,-11.0,0
2529,2.0,-243.0,-9.0,0
2530,4.0,-245.0,-9.0,0
2531,5.0,-247.0,-4.0,0
2532,1.0,-243.0,-2.0,0
2533,0.0,-244.0,2.0,0
2534,1.0,-244.0,-1.0,0
2535,-3.0,-244.0,0.0,0
2536,-3.0,-243.0,0.0,0
2537,-3.0,-245.0,-2.0,0
2538,-2.0,-247.0,-8.0,0
2539,-3.0,-247.0,-2.0,0
2540,-2.0,-246.0,-5.0,0
2541,-6.0,-245.0,0.0,0
2542,-8.0,-240.0,-6.0,0
2543,-7.0,-245.0,-5.0,0
2544,-7.0,-245.0,-6.0,0
2545,-5.0,-247.0,-4.0,0
2546,-11.0,-247.0,-10.0,0
2547,-8.0,-245.0,-9.0,0
2548,-9.0,-246.0,-8.0,0
2549,-11.0,-248.0,-8.0,0
2550,-11.0,-246.0,-9.0,0
2551,-9.0,-249.0,-5.0,0
2552,-11.0,-247.0,-4.0,0
2553,-9.0,-250.0,-7.0,0
2554,-6.0,-253.0,-9.0,0
2555,-5.0,-253.0,-7.0,0
2556,-6.0,-252.0,-7.0,0
2557,-5.0,-254.0,-13.0,0
2558,-7.0,-253.0,-10.0,0
2559,-2.0,-256.0,-16.0,0
2560,-7.0,-254.0,-14.0,0
2561,-7.0,-252.0,-12.0,0
2562,-2.0,-252.0,-11.0,0
2563,-5.0,-253.0,-4.0,0
2564,-8.0,-251.0,-10.0,0
2565,-9.0,-249.0,-11.0,0
2566,-9.0,-250.0,-5.0,0
2567,-9.0,-251.0,-8.0,0
2568,-9.0,-246.0,-6.0,0
2569,-10.0,-249.0,-8.0,0
2570,-7.0,-251.0,-7.0,0
2571,-7.0,-246.0,-5.0,0
2572,-9.0,-246.0,-8.0,0
2573,-7.0,-244.0,-6.0,0
2574,-10.0,-246.0,-6.0,0
2575,-6.0,-246.0,-5.0,0
2576,-7.0,-245.0,-7.0,0
2577,-6.0,-244.0,-5.0,0
2578,-10.0,-243.0,-4.0,0
2579,-6.0,-246.0,-2.0,0
2580,-8.0,-245.0,-3.0,0
2581,-9.0,-244.0,-8.0,0
2582,-10.0,-244.0,-4.0,0
2583,-9.0,-243.0,-4.0,0
2584,-10.0,-243.0,-3.0,0
2585,-7.0,-249.0,-5.0,0
2586,-10.0,-245.0,-5.0,0
2587,-9.0,-244.0,-7.0,0
2588,-9.0,-245.0,-6.0,0
2589,-10.0,-246.0,-8.0,0
2590,-5.0,-249.0,-4.0,0
2591,-5.0,-249.0,-8.0,0
2592,-7.0,-249.0,-9.0,0
2593,-8.0,-246.0,-5.0,0
2594,-7.0,-247.0,-5.0,0
2595,-7.0,-247.0,-1.0,0
2596,-7.0,-248.0,-3.0,0
2597,-9.0,-247.0,-4.0,0
2598,-8.0,-247.0,-6.0,0
2599,-8.0,-247.0,-7.0,0
2600,-9.0,-244.0,-6.0,0
2601,-8.0,-248.0,-4.0,0
2602,-8.0,-250.0,-7.0,0
2603,-7.0,-252.0,-8.0,0
2604,-5.0,-251.0,-5.0,0
2605,-4.0,-251.0,-4.0,0
2606,-8.0,-251.0,-6.0,0
2607,-3.0,-254.0,-8.0,0
2608,-5.0,-251.0,-11.0,0
2609,-5.0,-247.0,-12.0,0
2610,-6.0,-249.0,-14.0,0
2611,-3.0,-248.0,-14.0,0
2612,-2.0,-244.0,-10.0,0
2613,-3.0,-245.0,-15.0,0
2614,-3.0,-243.0,-9.0,0
2615,-6.0,-243.0,-23.0,0
2616,-4.0,-249.0,-19.0,0
2617,-2.0,-245.0,-16.0,0
2618,-6.0,-252.0,-26.0,0
2619,-6.0,-252.0,-21.0,0
2620,-9.0,-254.0,-20.0,0
2621,-8.0,-256.0,-14.0,0
2622,-10.0,-253.0,-11.0,0
2623,-6.0,-258.0,-8.0,0
2624,-2.0,-251.0,-9.0,0
2625,1.0,-253.0,-4.0,0
2626,2.0,-254.0,-10.0,0
2627,0.0,-248.0,-10.0,0
2628,4.0,-247.0,-6.0,0
2629,-3.0,-247.0,-18.0,0
2630,5.0,-245.0,-8.0,0
2631,1.0,-245.0,-10.0,0
2632,5.0,-245.0,-14.0,0
2633,3.0,-247.0,-13.0,0
2634,1.0,-247.0,-14.0,0
2635,1.0,-246.0,-14.0,0
2636,3.0,-254.0,-17.0,0
2637,0.0,-252.0,-16.0,0
2638,1.0,-250.0,-14.0,0
2639,-4.0,-253.0,-19.0,0
2640,1.0,-252.0,-14.0,0
2641,-3.0,-253.0,-13.0,0
2642,-6.0,-254.0,-10.0,0
2643,-4.0,-251.0,-11.0,0
2644,-4.0,-251.0,-15.0,0
2645,-2.0,-253.0,-13.0,0
2646,-1.0,-251.0,-12.0,0
2647,-3.0,-250.0,-12.0,0
2648,-4.0,-247.0,-9.0,0
2649,-1.0,-253.0,-17.0,0
2650,-9.0,-248.0,-17.0,0
2651,-1.0,-250.0,-17.0,0
2652,-2.0,-247.0,-8.0,0
2653,-3.0,-248.0,-11.0,0
2654,-3.0,-248.0,-13.0,0
2655,1.0,-249.0,-13.0,0
2656,-1.0,-246.0,-13.0,0
2657,0.0,-247.0,-7.0,0
2658,0.0,-250.0,-12.0,0
2659,0.0,-247.0,-7.0,0
2660,2.0,-249.0,-11.0,0
2661,4.0,-246.0,-10.0,0
2662,-2.0,-247.0,-14.0,0
2663,-1.0,-247.0,-9.0,0
2664,-2.0,-250.0,-13.0,0
2665,1.0,-251.0,-13.0,0
2666,2.0,-247.0,-9.0,0
2667,0.0,-248.0,-15.0,0
2668,-4.0,-252.0,-15.0,0
2669,-6.0,-249.0,-12.0,0
2670,-2.0,-251.0,-9.0,0
2671,-4.0,-248.0,-14.0,0
2672,-2.0,-247.0,-10.0,0
2673,-4.0,-249.0,-8.0,0
2674,-4.0,-245.0,-8.0,0
2675,-5.0,-249.0,-8.0,0
2676,-3.0,-246.0,-12.0,0
2677,-7.0,-246.0,-10.0,0
2678,-5.0,-246.0,-12.0,0
2679,-1.0,-247.0,-11.0,0
2680,-5.0,-249.0,-12.0,0
2681,-4.0,-249.0,-13.0,0
2682,-5.0,-246.0,-6.0,0
2683,-8.0,-246.0,-10.0,0
2684,-5.0,-249.0,-13.0,0
2685,-6.0,-248.0,-10.0,0
2686,-6.0,-250.0,-12.0,0
2687,-3.0,-248.0,-7.0,0
2688,-8.0,-248.0,-12.0,0
2689,-3.0,-249.0,-9.0,0
2690,-5.0,-249.0,-15.0,0
2691,-10.0,-248.0,-11.0,0
2692,-8.0,-249.0,-12.0,0
2693,-8.0,-249.0,-12.0,0
2694,-3.0,-248.0,-9.0,0
2695,-4.0,-247.0,-12.0,0
2696,-4.0,-249.0,-13.0,0
2697,-4.0,-249.0,-12.0,0
2698,-6.0,-246.0,-14.0,0
2699,-4.0,-251.0,-8.0,0
2700,-6.0,-248.0,-11.0,0
2701,-5.0,-247.0,-10.0,0
2702,-8.0,-251.0,-8.0,0
2703,-6.0,-252.0,-4.0,0
2704,-7.0,-253.0,-12.0,0
2705,-4.0,-248.0,-11.0,0
2706,-3.0,-252.0,-15.0,0
2707,-2.0,-248.0,-17.0,0
2708,-6.0,-246.0,-14.0,0
2709,-3.0,-246.0,-13.0,0
2710,-2.0,-245.0,-14.0,0
2711,-4.0,-244.0,-12.0,0
2712,-5.0,-247.0,-6.0,0
2713,-4.0,-246.0,-7.0,0
2714,-3.0,-246.0,-9.0,0
2715,-3.0,-245.0,-6.0,0
2716,-6.0,-246.0,-10.0,0
2717,-3.0,-246.0,-4.0,0
2718,-4.0,-246.0,-7.0,0
2719,-2.0,-246.0,-11.0,0
2720,1.0,-251.0,-6.0,0
2721,0.0,-252.0,-4.0,0
2722,-2.0,-248.0,-5.0,0
2723,-2.0,-247.0,-6.0,0
2724,-2.0,-247.0,-10.0,0
2725,-2.0,-248.0,-8.0,0
2726,-2.0,-249.0,-12.0,0
2727,-1.0,-247.0,-14.0,0
2728,-2.0,-249.0,-12.0,0
2729,-2.0,-249.0,-12.0,0
2730,0.0,-250.0,-15.0,0
2731,-2.0,-251.0,-9.0,0
2732,-6.0,-249.0,-12.0,0
2733,-5.0,-251.0,-12.0,0
2734,-4.0,-246.0,-9.0,0
2735,-4.0,-253.0,-9.0,0
2736,-4.0,-251.0,-15.0,0
2737,-3.0,-251.0,-13.0,0
2738,-10.0,-252.0,-13.0,0
2739,-9.0,-247.0,-11.0,0
2740,-4.0,-249.0,-13.0,0
2741,-7.0,-249.0,-7.0,0
2742,-5.0,-248.0,-9.0,0
2743,-7.0,-247.0,-8.0,0
2744,-7.0,-245.0,-10.0,0
2745,-10.0,-246.0,-9.0,0
2746,-6.0,-252.0,-13.0,0
2747,-5.0,-246.0,-11.0,0
2748,-5.0,-250.0,-9.0,0
2749,-11.0,-247.0,-8.0,0
2750,-6.0,-251.0,-15.0,0
2751,-8.0,-247.0,-11.0,0
2752,-8.0,-248.0,-10.0,0
2753,-11.0,-247.0,-10.0,0
2754,-11.0,-246.0,-9.0,0
2755,-12.0,-247.0,-6.0,0
2756,-8.0,-252.0,-6.0,0
2757,-12.0,-251.0,-6.0,0
2758,-10.0,-248.0,-7.0,0
2759,-8.0,-247.0,-6.0,0
2760,-5.0,-246.0,0.0,0
2761,-13.0,-247.0,-11.0,0
2762,-13.0,-246.0,-10.0,0
2763,-12.0,-247.0,-11.0,0
2764,-13.0,-248.0,-8.0,0
2765,-11.0,-248.0,-7.0,0
2766,-11.0,-247.0,-12.0,0
2767,-11.0,-250.0,-6.0,0
2768,-10.0,-247.0,-7.0,0
2769,-11.0,-246.0,-11.0,0
2770,-4.0,-249.0,-15.0,0
2771,-9.0,-245.0,-7.0,0
2772,-7.0,-249.0,-10.0,0
2773,-9.0,-248.0,-10.0,0
2774,-8.0,-250.0,-10.0,0
2775,-6.0,-249.0,-9.0,0
2776,-9.0,-249.0,-6.0,0
2777,-6.0,-250.0,-7.0,0
2778,-7.0,-252.0,-7.0,0
2779,-8.0,-249.0,-9.0,0
2780,-7.0,-250.0,-11.0,0
2781,-9.0,-252.0,-4.0,0
2782,-8.0,-248.0,-10.0,0
2783,-8.0,-251.0,-10.0,0
2784,-7.0,-249.0,-12.0,0
2785,-7.0,-250.0,-9.0,0
2786,-8.0,-249.0,-9.0,0
2787,-10.0,-247.0,-7.0,0
2788,-6.0,-247.0,-12.0,0
2789,-7.0,-249.0,-9.0,0
2790,-7.0,-248.0,-11.0,0
2791,-7.0,-246.0,-10.0,0
2792,-4.0,-248.0,-12.0,0
2793,-5.0,-250.0,-7.0,0
2794,-7.0,-246.0,-9.0,0
2795,-7.0,-245.0,-8.0,0
2796,-4.0,-247.0,-11.0,0
2797,-6.0,-249.0,-8.0,0
2798,-5.0,-248.0,-10.0,0
2799,-5.0,-246.0,-4.0,0
2800,-4.0,-247.0,-5.0,0
2801,-6.0,-248.0,-6.0,0
2802,-5.0,-251.0,-8.0,0
2803,1.0,-250.0,-5.0,0
2804,-5.0,-251.0,-13.0,0
2805,-1.0,-249.0,-12.0,0
2806,-2.0,-249.0,-10.0,0
2807,-3.0,-247.0,-15.0,0
2808,-8.0,-247.0,-12.0,0
2809,-5.0,-246.0,-11.0,0
2810,-7.0,-247.0,-17.0,0
2811,-9.0,-245.0,-9.0,0
2812,-9.0,-247.0,-13.0,0
2813,-7.0,-248.0,-10.0,0
2814,0.0,-238.0,-9.0,0
2815,-6.0,-249.0,-6.0,0
2816,-7.0,-246.0,-5.0,0
2817,-9.0,-246.0,-7.0,0
2818,-6.0,-247.0,-9.0,0
2819,-6.0,-248.0,-10.0,0
2820,-8.0,-248.0,-11.0,0
2821,-8.0,-250.0,-16.0,0
2822,-4.0,-250.0,-7.0,0
2823,-7.0,-246.0,-10.0,0
2824,-6.0,-247.0,-5.0,0
2825,-11.0,-249.0,-8.0,0
2826,-9.0,-247.0,-11.0,0
2827,-9.0,-249.0,-11.0,0
2828,-9.0,-249.0,-12.0,0
2829,-7.0,-250.0,-12.0,0
2830,-11.0,-252.0,-8.0,0
2831,-8.0,-250.0,-7.0,0
2832,-7.0,-252.0,-9.0,0
2833,-9.0,-251.0,-10.0,0
2834,-10.0,-250.0,-6.0,0
2835,-7.0,-251.0,-8.0,0
2836,-8.0,-246.0,-5.0,0
2837,-9.0,-250.0,-8.0,0
2838,-7.0,-249.0,-10.0,0
2839,-9.0,-249.0,-6.0,0
2840,-9.0,-249.0,-10.0,0
2841,-9.0,-247.0,-6.0,0
2842,-9.0,-246.0,-10.0,0
2843,-13.0,-250.0,-6.0,0
2844,-12.0,-248.0,-8.0,0
2845,-13.0,-247.0,-2.0,0
2846,-15.0,-248.0,-11.0,0
2847,-10.0,-249.0,-4.0,0
2848,-10.0,-250.0,-4.0,0
2849,-14.0,-249.0,-4.0,0
2850,-13.0,-247.0,-3.0,0
2851,-13.0,-252.0,-8.0,0
2852,-14.0,-249.0,-8.0,0
2853,-14.0,-248.0,-9.0,0
2854,-9.0,-252.0,-8.0,0
2855,-13.0,-249.0,-9.0,0
2856,-9.0,-248.0,-2.0,0
2857,-13.0,-249.0,-6.0,0
2858,-9.0,-247.0,-7.0,0
2859,-10.0,-250.0,-4.0,0
2860,-11.0,-248.0,-7.0,0
2861,-11.0,-250.0,-8.0,0
2862,-10.0,-250.0,-4.0,0
2863,-11.0,-248.0,-3.0,0
2864,-7.0,-248.0,-2.0,0
2865,-10.0,-250.0,-7.0,0
2866,-12.0,-245.0,-2.0,0
2867,-13.0,-247.0,-10.0,0
2868,-5.0,-250.0,-7.0,0
2869,-13.0,-246.0,-7.0,0
2870,-14.0,-245.0,-8.0,0
2871,-13.0,-246.0,-8.0,0
2872,-13.0,-247.0,-5.0,0
2873,-11.0,-248.0,-6.0,0
2874,-12.0,-252.0,-3.0,0
2875,-13.0,-249.0,-3.0,0
2876,-13.0,-247.0,-1.0,0
2877,-13.0,-249.0,-6.0,0
2878,-12.0,-249.0,-4.0,0
2879,-3.0,-249.0,-8.0,0
2880,-13.0,-246.0,2.0,0
2881,-14.0,-248.0,-3.0,0
2882,-11.0,-248.0,-3.0,0
2883,-14.0,-249.0,0.0,0
2884,-15.0,-246.0,1.0,0
2885,-14.0,-249.0,-1.0,0
2886,-13.0,-252.0,-3.0,0
2887,-10.0,-247.0,0.0,0
2888,-7.0,-248.0,1.0,0
2889,-15.0,-245.0,-1.0,0
2890,-9.0,-244.0,8.0,0
2891,-11.0,-247.0,0.0,0
2892,-11.0,-245.0,-1.0,0
2893,-9.0,-249.0,-1.0,0
2894,-11.0,-249.0,0.0,0
2895,-12.0,-246.0,4.0,0
2896,-8.0,-248.0,2.0,0
2897,-12.0,-249.0,-2.0,0
2898,-11.0,-247.0,3.0,0
2899,-12.0,-248.0,-4.0,0
2900,-13.0,-254.0,4.0,0
2901,-9.0,-248.0,6.0,0
2902,-13.0,-249.0,-1.0,0
2903,-13.0,-248.0,-2.0,0
2904,-13.0,-247.0,-3.0,0
2905,-11.0,-247.0,0.0,0
2906,-14.0,-247.0,3.0,0
2907,-13.0,-248.0,1.0,0
2908,-14.0,-252.0,6.0,0
2909,-12.0,-244.0,6.0,0
2910,-14.0,-245.0,6.0,0
2911,-12.0,-246.0,2.0,0
2912,-5.0,-246.0,5.0,0
2913,-11.0,-246.0,9.0,0
2914,-13.0,-245.0,9.0,0
2915,-12.0,-245.0,10.0,0
2916,-10.0,-246.0,10.0,0
2917,-10.0,-248.0,8.0,0
2918,-8.0,-249.0,6.0,0
2919,-11.0,-245.0,8.0,0
2920,-13.0,-250.0,11.0,0
2921,-17.0,-246.0,4.0,0
2922,-12.0,-249.0,5.0,0
2923,-18.0,-246.0,8.0,0
2924,-16.0,-248.0,4.0,0
2925,-19.0,-247.0,11.0,0
2926,-18.0,-248.0,10.0,0
2927,-20.0,-250.0,12.0,0
2928,-19.0,-247.0,12.0,0
2929,-20.0,-251.0,10.0,0
2930,-24.0,-250.0,12.0,0
2931,-20.0,-250.0,10.0,0
2932,-19.0,-248.0,12.0,0
2933,-23.0,-248.0,7.0,0
2934,-27.0,-254.0,8.0,0
2935,-19.0,-247.0,8.0,0
2936,-19.0,-246.0,13.0,0
2937,-19.0,-247.0,12.0,0
2938,-21.0,-247.0,8.0,0
2939,-20.0,-247.0,11.0,0
2940,-19.0,-246.0,12.0,0
2941,-20.0,-247.0,13.0,0
2942,-18.0,-251.0,12.0,0
2943,-21.0,-248.0,12.0,0
2944,-19.0,-250.0,13.0,0
2945,-17.0,-246.0,14.0,0
2946,-19.0,-246.0,11.0,0
2947,-15.0,-247.0,12.0,0
2948,-17.0,-247.0,12.0,0
2949,-11.0,-249.0,13.0,0
2950,-12.0,-248.0,15.0,0
2951,-10.0,-249.0,13.0,0
2952,-11.0,-248.0,14.0,0
2953,-6.0,-249.0,15.0,0
2954,-9.0,-249.0,14.0,0
2955,-8.0,-246.0,9.0,0
2956,-2.0,-248.0,6.0,0
2957,-5.0,-250.0,7.0,0
2958,-4.0,-246.0,11.0,0
2959,0.0,-248.0,11.0,0
2960,2.0,-246.0,5.0,0
2961,5.0,-245.0,7.0,0
2962,7.0,-247.0,9.0,0
2963,11.0,-244.0,12.0,0
2964,18.0,-241.0,10.0,0
2965,19.0,-242.0,7.0,0
2966,21.0,-239.0,9.0,0
2967,18.0,-237.0,2.0,0
2968,24.0,-230.0,8.0,0
2969,25.0,-228.0,5.0,0
2970,26.0,-229.0,2.0,0
2971,32.0,-228.0,5.0,0
2972,31.0,-225.0,8.0,0
2973,30.0,-226.0,6.0,0
2974,38.0,-231.0,11.0,0
2975,30.0,-231.0,15.0,0
2976,35.0,-230.0,14.0,0
2977,37.0,-238.0,15.0,0
2978,30.0,-241.0,18.0,0
2979,29.0,-248.0,19.0,0
2980,24.0,-253.0,17.0,0
2981,19.0,-258.0,18.0,0
2982,12.0,-262.0,14.0,0
2983,9.0,-267.0,14.0,0
2984,3.0,-268.0,12.0,0
2985,1.0,-268.0,4.0,0
2986,6.0,-271.0,-3.0,0
2987,12.0,-263.0,-3.0,0
2988,9.0,-263.0,-2.0,0
2989,0.0,-252.0,-5.0,0
2990,4.0,-248.0,0.0,0
2991,5.0,-246.0,1.0,0
2992,2.0,-240.0,6.0,0
2993,0.0,-234.0,8.0,0
2994,-4.0,-232.0,13.0,0
2995,-4.0,-230.0,14.0,0
2996,-8.0,-226.0,19.0,0
2997,-10.0,-225.0,23.0,0
2998,-13.0,-223.0,25.0,0
2999,-14.0,-228.0,30.0,0
3000,-16.0,-233.0,35.0,0
3001,-15.0,-238.0,35.0,0
3002,-19.0,-240.0,31.0,0
3003,-20.0,-241.0,31.0,0
3004,-20.0,-243.0,27.0,0
3005,-20.0,-245.0,27.0,0
3006,-20.0,-247.0,24.0,0
3007,-20.0,-244.0,24.0,0
3008,-21.0,-244.0,20.0,0
3009,-18.0,-242.0,21.0,0
3010,-15.0,-237.0,18.0,0
3011,-10.0,-233.0,16.0,0
3012,-8.0,-229.0,14.0,0
3013,-2.0,-227.0,13.0,0
3014,3.0,-219.0,13.0,0
3015,10.0,-219.0,16.0,0
3016,14.0,-216.0,13.0,0
3017,17.0,-215.0,16.0,0
3018,21.0,-211.0,22.0,0
3019,22.0,-216.0,18.0,0
3020,19.0,-214.0,17.0,0
3021,19.0,-210.0,24.0,0
3022,19.0,-213.0,23.0,0
3023,19.0,-215.0,24.0,0
3024,15.0,-216.0,21.0,0
3025,15.0,-220.0,23.0,0
3026,10.0,-218.0,20.0,0
3027,3.0,-217.0,25.0,0
3028,2.0,-216.0,20.0,0
3029,-4.0,-219.0,15.0,0
3030,-1.0,-221.0,14.0,0
3031,-5.0,-217.0,15.0,0
3032,-4.0,-207.0,14.0,0
3033,-1.0,-216.0,13.0,0
3034,-2.0,-215.0,15.0,0
3035,-2.0,-217.0,14.0,0
3036,-2.0,-215.0,18.0,0
3037,-3.0,-215.0,12.0,0
3038,-1.0,-216.0,18.0,0
3039,2.0,-221.0,13.0,0
3040,-1.0,-221.0,14.0,0
3041,1.0,-221.0,18.0,0
3042,2.0,-219.0,19.0,0
3043,5.0,-219.0,22.0,0
3044,6.0,-226.0,18.0,0
3045,1.0,-224.0,19.0,0
3046,-1.0,-225.0,17.0,0
3047,-1.0,-224.0,19.0,0
3048,-1.0,-225.0,18.0,0
3049,-6.0,-231.0,19.0,0
3050,-6.0,-228.0,18.0,0
3051,-4.0,-229.0,17.0,0
3052,-8.0,-226.0,19.0,0
3053,-7.0,-227.0,20.0,0
3054,-7.0,-229.0,21.0,0
3055,-6.0,-229.0,20.0,0
3056,-7.0,-231.0,19.0,0
3057,-5.0,-227.0,23.0,0
3058,-9.0,-223.0,21.0,0
3059,-7.0,-219.0,18.0,0
3060,-10.0,-217.0,17.0,0
3061,-4.0,-215.0,16.0,0
3062,-4.0,-210.0,19.0,0
3063,-6.0,-210.0,14.0,0
3064,1.0,-209.0,15.0,0
3065,-3.0,-205.0,15.0,0
3066,-5.0,-205.0,15.0,0
3067,-2.0,-210.0,12.0,0
3068,-5.0,-208.0,14.0,0
3069,-4.0,-210.0,14.0,0
3070,-5.0,-214.0,14.0,0
3071,-6.0,-218.0,18.0,0
3072,4.0,-224.0,20.0,0
3073,11.0,-235.0,19.0,0
3074,10.0,-240.0,23.0,0
3075,18.0,-245.0,26.0,0
3076,21.0,-251.0,33.0,0
3077,27.0,-257.0,33.0,0
3078,34.0,-262.0,31.0,0
3079,39.0,-264.0,35.0,0
3080,36.0,-264.0,33.0,0
3081,39.0,-266.0,37.0,0
3082,36.0,-261.0,37.0,0
3083,38.0,-259.0,35.0,0
3084,34.0,-262.0,38.0,0
3085,32.0,-254.0,38.0,0
3086,25.0,-252.0,34.0,0
3087,28.0,-251.0,39.0,0
3088,25.0,-244.0,41.0,0
3089,24.0,-242.0,43.0,0
3090,23.0,-235.0,45.0,0
3091,24.0,-234.0,36.0,0
3092,25.0,-232.0,35.0,0
3093,26.0,-234.0,23.0,0
3094,28.0,-230.0,17.0,0
3095,29.0,-230.0,13.0,0
3096,25.0,-231.0,12.0,0
3097,22.0,-247.0,8.0,0
3098,15.0,-240.0,10.0,0
3099,11.0,-245.0,11.0,0
3100,14.0,-252.0,12.0,0
3101,11.0,-257.0,15.0,0
3102,11.0,-262.0,26.0,0
3103,14.0,-267.0,31.0,0
3104,13.0,-264.0,34.0,0
3105,18.0,-265.0,43.0,0
3106,16.0,-262.0,46.0,0
3107,17.0,-256.0,43.0,0
3108,18.0,-247.0,42.0,0
3109,19.0,-249.0,41.0,0
3110,14.0,-244.0,38.0,0
3111,9.0,-235.0,34.0,0
3112,8.0,-232.0,30.0,0
3113,3.0,-225.0,25.0,0
3114,6.0,-225.0,23.0,0
3115,7.0,-219.0,18.0,0
3116,6.0,-222.0,24.0,0
3117,5.0,-220.0,28.0,0
3118,3.0,-221.0,23.0,0
3119,8.0,-217.0,24.0,0
3120,9.0,-217.0,29.0,0
3121,17.0,-218.0,27.0,0
3122,16.0,-216.0,26.0,0
3123,23.0,-213.0,21.0,0
3124,16.0,-211.0,22.0,0
3125,11.0,-206.0,15.0,0
3126,8.0,-203.0,6.0,0
3127,7.0,-209.0,-2.0,0
3128,14.0,-213.0,-11.0,0
3129,12.0,-220.0,-23.0,0
3130,12.0,-229.0,-33.0,0
3131,6.0,-233.0,-35.0,0
3132,-5.0,-238.0,-42.0,0
3133,-17.0,-243.0,-50.0,0
3134,-24.0,-245.0,-56.0,0
3135,-34.0,-249.0,-63.0,0
3136,-36.0,-251.0,-73.0,0
3137,-41.0,-256.0,-84.0,0
3138,-38.0,-253.0,-94.0,0
3139,-39.0,-253.0,-101.0,0
3140,-41.0,-254.0,-109.0,0
3141,-44.0,-251.0,-119.0,0
3142,-48.0,-250.0,-115.0,0
3143,-49.0,-254.0,-116.0,0
3144,-53.0,-254.0,-114.0,0
3145,-57.0,-266.0,-113.0,0
3146,-56.0,-268.0,-107.0,0
3147,-58.0,-273.0,-100.0,0
3148,-59.0,-284.0,-94.0,0
3149,-58.0,-286.0,-80.0,0
3150,-62.0,-294.0,-81.0,0
3151,-69.0,-301.0,-80.0,0
3152,-73.0,-307.0,-68.0,0
3153,-74.0,-320.0,-70.0,0
3154,-83.0,-330.0,-67.0,0
3155,-83.0,-351.0,-68.0,0
3156,-85.0,-369.0,-70.0,0
3157,-84.0,-387.0,-62.0,0
3158,-76.0,-397.0,-63.0,0
3159,-64.0,-397.0,-54.0,0
3160,-58.0,-398.0,-49.0,0
3161,-47.0,-395.0,-47.0,0
3162,-44.0,-377.0,-33.0,0
3163,-34.0,-369.0,-36.0,0
3164,-28.0,-354.0,-28.0,0
3165,-28.0,-341.0,-26.0,0
3166,-34.0,-319.0,-24.0,0
3167,-33.0,-305.0,-28.0,0
3168,-41.0,-285.0,-22.0,0
3169,-44.0,-269.0,-25.0,0
3170,-52.0,-258.0,-26.0,0
3171,-59.0,-247.0,-23.0,0
3172,-58.0,-241.0,-21.0,0
3173,-63.0,-239.0,-15.0,0
3174,-63.0,-241.0,-14.0,0
3175,-67.0,-241.0,-10.0,0
3176,-64.0,-252.0,-10.0,0
3177,-60.0,-257.0,-13.0,0
3178,-58.0,-271.0,-9.0,0
3179,-50.0,-280.0,-11.0,0
3180,-44.0,-291.0,-13.0,0
3181,-39.0,-295.0,-21.0,0
3182,-38.0,-299.0,-25.0,0
3183,-31.0,-300.0,-28.0,0
3184,-22.0,-297.0,-31.0,0
3185,-22.0,-289.0,-34.0,0
3186,-17.0,-285.0,-32.0,0
3187,-17.0,-274.0,-37.0,0
3188,-19.0,-258.0,-35.0,0
3189,-17.0,-246.0,-32.0,0
3190,-20.0,-232.0,-34.0,0
3191,-20.0,-224.0,-34.0,0
3192,-20.0,-213.0,-35.0,0
3193,-19.0,-202.0,-27.0,0
3194,-21.0,-188.0,-33.0,0
3195,-19.0,-196.0,-30.0,0
3196,-20.0,-195.0,-25.0,0
3197,-20.0,-201.0,-26.0,0
3198,-20.0,-206.0,-26.0,0
3199,-20.0,-214.0,-24.0,0
3200,-20.0,-225.0,-24.0,0
3201,-21.0,-233.0,-24.0,0
3202,-19.0,-240.0,-26.0,0
3203,-18.0,-244.0,-18.0,0
3204,-22.0,-251.0,-23.0,0
3205,-19.0,-241.0,-21.0,0
3206,-19.0,-253.0,-19.0,0
3207,-18.0,-252.0,-23.0,0
3208,-19.0,-247.0,-22.0,0
3209,-19.0,-244.0,-24.0,0
3210,-17.0,-241.0,-21.0,0
3211,-18.0,-236.0,-15.0,0
3212,-14.0,-225.0,-13.0,0
3213,-14.0,-217.0,-12.0,0
3214,-14.0,-216.0,-9.0,0
3215,-17.0,-205.0,-6.0,0
3216,-12.0,-201.0,-9.0,0
3217,-14.0,-202.0,-9.0,0
3218,-16.0,-196.0,-10.0,0
3219,-15.0,-196.0,-8.0,0
3220,-15.0,-194.0,-9.0,0
3221,-14.0,-197.0,-8.0,0
3222,-12.0,-195.0,-5.0,0
3223,-9.0,-202.0,2.0,0
3224,-5.0,-208.0,-4.0,0
3225,-8.0,-211.0,0.0,0
3226,-8.0,-216.0,1.0,0
3227,-10.0,-223.0,6.0,0
3228,-5.0,-225.0,8.0,0
3229,-2.0,-229.0,3.0,0
3230,-8.0,-233.0,5.0,0
3231,-11.0,-236.0,5.0,0
3232,-9.0,-240.0,-3.0,0
3233,-10.0,-242.0,-3.0,0
3234,-7.0,-243.0,-3.0,0
3235,-8.0,-246.0,-11.0,0
3236,-6.0,-245.0,-11.0,0
3237,-4.0,-244.0,-14.0,0
3238,-2.0,-248.0,-14.0,0
3239,2.0,-237.0,-14.0,0
3240,10.0,-240.0,-11.0,0
3241,10.0,-243.0,-14.0,0
3242,29.0,-236.0,-5.0,0
3243,11.0,-225.0,0.0,0
3244,11.0,-235.0,0.0,0
3245,12.0,-240.0,3.0,0
3246,5.0,-220.0,6.0,0
3247,10.0,-219.0,0.0,0
3248,10.0,-215.0,4.0,0
3249,0.0,-219.0,10.0,0
3250,-1.0,-208.0,14.0,0
3251,-9.0,-206.0,10.0,0
3252,-1.0,-203.0,16.0,0
3253,-15.0,-203.0,25.0,0
3254,-12.0,-203.0,18.0,0
3255,-19.0,-201.0,30.0,0
3256,-32.0,-200.0,32.0,0
3257,-32.0,-196.0,34.0,0
3258,-33.0,-194.0,38.0,0
3259,-37.0,-188.0,36.0,0
3260,-38.0,-205.0,31.0,0
3261,-42.0,-198.0,26.0,0
3262,-38.0,-205.0,35.0,0
3263,-48.0,-216.0,24.0,0
3264,-41.0,-224.0,32.0,0
3265,-41.0,-231.0,35.0,0
3266,-36.0,-242.0,50.0,0
3267,-32.0,-248.0,52.0,0
3268,-38.0,-249.0,56.0,0
3269,-35.0,-249.0,57.0,0
3270,-35.0,-246.0,60.0,0
3271,-33.0,-245.0,57.0,0
3272,-30.0,-240.0,59.0,0
3273,-27.0,-233.0,57.0,0
3274,-22.0,-224.0,42.0,0
3275,-20.0,-217.0,39.0,0
3276,-24.0,-208.0,37.0,0
3277,-20.0,-201.0,28.0,0
3278,-20.0,-191.0,27.0,0
3279,-22.0,-187.0,28.0,0
3280,-28.0,-183.0,19.0,0
3281,-29.0,-184.0,25.0,0
3282,-27.0,-188.0,20.0,0
3283,-25.0,-185.0,24.0,0
3284,-27.0,-189.0,27.0,0
3285,-29.0,-191.0,20.0,0
3286,-30.0,-195.0,25.0,0
3287,-35.0,-199.0,19.0,0
3288,-40.0,-204.0,23.0,0
3289,-40.0,-209.0,27.0,0
3290,-47.0,-213.0,28.0,0
3291,-50.0,-216.0,25.0,0
3292,-38.0,-210.0,24.0,0
3293,-30.0,-217.0,20.0,0
3294,-22.0,-219.0,13.0,0
3295,-20.0,-219.0,3.0,0
3296,-22.0,-220.0,-16.0,0
3297,-20.0,-224.0,-17.0,0
3298,-20.0,-234.0,-30.0,0
3299,-15.0,-238.0,-42.0,0
3300,-14.0,-240.0,-46.0,0
3301,-5.0,-243.0,-52.0,0
3302,-3.0,-248.0,-54.0,0
3303,12.0,-254.0,-72.0,0
3304,11.0,-261.0,-75.0,0
3305,12.0,-270.0,-78.0,0
3306,15.0,-279.0,-80.0,0
3307,10.0,-284.0,-79.0,0
3308,9.0,-288.0,-76.0,0
3309,10.0,-294.0,-65.0,0
3310,10.0,-297.0,-54.0,0
3311,12.0,-302.0,-48.0,0
3312,11.0,-306.0,-36.0,0
3313,13.0,-309.0,-30.0,0
3314,13.0,-315.0,-28.0,0
3315,15.0,-317.0,-22.0,0
3316,13.0,-317.0,-18.0,0
3317,14.0,-320.0,-21.0,0
3318,17.0,-325.0,-24.0,0
3319,18.0,-334.0,-19.0,0
3320,19.0,-341.0,-19.0,0
3321,23.0,-356.0,-17.0,0
3322,22.0,-363.0,-12.0,0
3323,28.0,-377.0,-19.0,0
3324,34.0,-388.0,-11.0,0
3325,46.0,-400.0,-10.0,0
3326,59.0,-410.0,-3.0,0
3327,78.0,-427.0,0.0,0
3328,93.0,-431.0,2.0,0
3329,107.0,-436.0,4.0,0
3330,114.0,-435.0,10.0,0
3331,109.0,-423.0,14.0,0
3332,96.0,-406.0,20.0,0
3333,85.0,-388.0,23.0,0
3334,72.0,-373.0,23.0,0
3335,60.0,-354.0,19.0,0
3336,47.0,-335.0,14.0,0
3337,36.0,-313.0,13.0,0
3338,21.0,-295.0,11.0,0
3339,11.0,-280.0,3.0,0
3340,4.0,-267.0,6.0,0
3341,-5.0,-253.0,3.0,0
3342,-1.0,-244.0,5.0,0
3343,-2.0,-239.0,12.0,0
3344,2.0,-237.0,15.0,0
3345,6.0,-236.0,14.0,0
3346,12.0,-230.0,21.0,0
3347,17.0,-229.0,24.0,0
3348,21.0,-228.0,23.0,0
3349,26.0,-226.0,28.0,0
3350,29.0,-223.0,30.0,0
3351,27.0,-221.0,30.0,0
3352,27.0,-218.0,25.0,0
3353,25.0,-216.0,24.0,0
3354,24.0,-212.0,23.0,0
3355,18.0,-210.0,23.0,0
3356,14.0,-207.0,16.0,0
3357,13.0,-212.0,14.0,0
3358,10.0,-208.0,14.0,0
3359,3.0,-210.0,12.0,0
3360,4.0,-210.0,13.0,0
3361,2.0,-212.0,13.0,0
3362,1.0,-212.0,13.0,0
3363,7.0,-214.0,11.0,0
3364,5.0,-219.0,12.0,0
3365,3.0,-220.0,11.0,0
3366,2.0,-221.0,10.0,0
3367,4.0,-222.0,5.0,0
3368,5.0,-222.0,9.0,0
3369,6.0,-224.0,5.0,0
3370,9.0,-225.0,7.0,0
3371,7.0,-224.0,3.0,0
3372,10.0,-224.0,2.0,0
3373,14.0,-230.0,0.0,0
3374,10.0,-227.0,8.0,0
3375,12.0,-233.0,10.0,0
3376,8.0,-231.0,9.0,0
3377,6.0,-238.0,11.0,0
3378,0.0,-240.0,3.0,0
3379,3.0,-240.0,13.0,0
3380,0.0,-239.0,14.0,0
3381,4.0,-241.0,12.0,0
3382,1.0,-239.0,10.0,0
3383,0.0,-233.0,10.0,0
3384,0.0,-225.0,8.0,0
3385,1.0,-217.0,1.0,0
3386,1.0,-213.0,10.0,0
3387,2.0,-213.0,-3.0,0
3388,-4.0,-209.0,7.0,0
3389,-8.0,-211.0,10.0,0
3390,0.0,-208.0,12.0,0
3391,2.0,-211.0,17.0,0
3392,6.0,-211.0,21.0,0
3393,9.0,-213.0,27.0,0
3394,12.0,-215.0,30.0,0
3395,13.0,-215.0,29.0,0
3396,10.0,-217.0,35.0,0
3397,16.0,-214.0,33.0,0
3398,14.0,-218.0,29.0,0
3399,13.0,-212.0,33.0,0
3400,13.0,-202.0,24.0,0
3401,10.0,-205.0,25.0,0
3402,8.0,-198.0,19.0,0
3403,7.0,-196.0,15.0,0
3404,3.0,-188.0,16.0,0
3405,2.0,-184.0,13.0,0
3406,-1.0,-183.0,13.0,0
3407,-2.0,-182.0,14.0,0
3408,5.0,-183.0,15.0,0
3409,9.0,-183.0,19.0,0
3410,11.0,-186.0,26.0,0
3411,20.0,-189.0,24.0,0
3412,17.0,-195.0,26.0,0
3413,22.0,-197.0,29.0,0
3414,17.0,-196.0,25.0,0
3415,21.0,-202.0,28.0,0
3416,20.0,-205.0,24.0,0
3417,22.0,-207.0,27.0,0
3418,21.0,-216.0,26.0,0
3419,20.0,-218.0,28.0,0
3420,19.0,-222.0,32.0,0
3421,15.0,-227.0,32.0,0
3422,8.0,-229.0,25.0,0
3423,5.0,-229.0,31.0,0
3424,1.0,-232.0,31.0,0
3425,-7.0,-232.0,32.0,0
3426,-12.0,-233.0,29.0,0
3427,-20.0,-229.0,27.0,0
3428,-22.0,-228.0,30.0,0
3429,-27.0,-225.0,30.0,0
3430,-28.0,-226.0,31.0,0
3431,-24.0,-228.0,33.0,0
3432,-28.0,-230.0,33.0,0
3433,-24.0,-230.0,42.0,0
3434,-20.0,-235.0,37.0,0
3435,-19.0,-237.0,40.0,0
3436,-17.0,-238.0,39.0,0
3437,-17.0,-241.0,38.0,0
3438,-8.0,-243.0,35.0,0
3439,-4.0,-248.0,31.0,0
3440,3.0,-252.0,29.0,0
3441,11.0,-261.0,32.0,0
3442,11.0,-259.0,33.0,0
3443,19.0,-260.0,34.0,0
3444,17.0,-267.0,35.0,0
3445,26.0,-262.0,35.0,0
3446,30.0,-257.0,31.0,0
3447,27.0,-251.0,33.0,0
3448,26.0,-243.0,38.0,0
3449,22.0,-240.0,34.0,0
3450,22.0,-235.0,38.0,0
3451,12.0,-230.0,38.0,0
3452,12.0,-227.0,40.0,0
3453,10.0,-226.0,44.0,0
3454,12.0,-225.0,44.0,0
3455,8.0,-222.0,40.0,0
3456,8.0,-219.0,43.0,0
3457,11.0,-217.0,44.0,0
3458,14.0,-216.0,43.0,0
3459,7.0,-217.0,47.0,0
3460,5.0,-214.0,47.0,0
3461,-1.0,-219.0,37.0,0
3462,-6.0,-221.0,38.0,0
3463,-3.0,-233.0,37.0,0
3464,-2.0,-239.0,32.0,0
3465,3.0,-254.0,23.0,0
3466,4.0,-260.0,19.0,0
3467,3.0,-267.0,13.0,0
3468,7.0,-279.0,10.0,0
3469,9.0,-286.0,-1.0,0
3470,7.0,-291.0,-8.0,0
3471,0.0,-288.0,-10.0,0
3472,-6.0,-284.0,-24.0,0
3473,-18.0,-276.0,-31.0,0
3474,-22.0,-271.0,-39.0,0
3475,-26.0,-270.0,-52.0,0
3476,-30.0,-260.0,-61.0,0
3477,-33.0,-257.0,-65.0,0
3478,-31.0,-255.0,-72.0,0
3479,-29.0,-252.0,-78.0,0
3480,-20.0,-256.0,-74.0,0
3481,-19.0,-252.0,-70.0,0
3482,-4.0,-255.0,-64.0,0
3483,1.0,-249.0,-55.0,0
3484,15.0,-254.0,-51.0,0
3485,24.0,-258.0,-37.0,0
3486,33.0,-260.0,-31.0,0
3487,23.0,-259.0,-22.0,0
3488,24.0,-260.0,-8.0,0
3489,17.0,-256.0,1.0,0
3490,5.0,-251.0,3.0,0
3491,-4.0,-241.0,13.0,0
3492,-19.0,-230.0,13.0,0
3493,-29.0,-226.0,17.0,0
3494,-46.0,-223.0,18.0,0
3495,-69.0,-235.0,13.0,0
3496,-85.0,-250.0,16.0,0
3497,-96.0,-282.0,16.0,0
3498,-99.0,-333.0,6.0,0
3499,-109.0,-385.0,16.0,0
3500,-112.0,-441.0,17.0,0
3501,-111.0,-482.0,21.0,0
3502,-111.0,-514.0,12.0,0
3503,-101.0,-525.0,11.0,0
3504,-83.0,-524.0,0.0,0
3505,-58.0,-506.0,2.0,0
3506,-47.0,-472.0,7.0,0
3507,-16.0,-429.0,3.0,0
3508,3.0,-383.0,5.0,0
3509,13.0,-337.0,4.0,0
3510,31.0,-297.0,-2.0,0
3511,45.0,-254.0,-3.0,0
3512,51.0,-223.0,-6.0,0
3513,55.0,-196.0,4.0,0
3514,52.0,-178.0,7.0,0
3515,49.0,-171.0,13.0,0
3516,43.0,-172.0,16.0,0
3517,34.0,-177.0,18.0,0
3518,16.0,-187.0,28.0,0
3519,-1.0,-200.0,21.0,0
3520,-9.0,-214.0,20.0,0
3521,-21.0,-225.0,23.0,0
3522,-31.0,-240.0,19.0,0
3523,-32.0,-251.0,15.0,0
3524,-34.0,-262.0,3.0,0
3525,-35.0,-268.0,-3.0,0
3526,-34.0,-272.0,-4.0,0
3527,-34.0,-273.0,-2.0,0
3528,-27.0,-269.0,-7.0,0
3529,-23.0,-258.0,-2.0,0
3530,-19.0,-252.0,-11.0,0
3531,-15.0,-241.0,-14.0,0
3532,-12.0,-234.0,-15.0,0
3533,-11.0,-222.0,-14.0,0
3534,-11.0,-210.0,-16.0,0
3535,-10.0,-208.0,-9.0,0
3536,-11.0,-199.0,-12.0,0
3537,-14.0,-197.0,-15.0,0
3538,-13.0,-196.0,-12.0,0
3539,-13.0,-196.0,-9.0,0
3540,-18.0,-197.0,-8.0,0
3541,-24.0,-198.0,0.0,0
3542,-20.0,-209.0,-8.0,0
3543,-22.0,-210.0,-8.0,0
3544,-19.0,-215.0,-10.0,0
3545,-20.0,-218.0,-9.0,0
3546,-15.0,-222.0,-9.0,0
3547,-13.0,-221.0,-7.0,0
3548,-13.0,-223.0,-11.0,0
3549,-7.0,-218.0,-1.0,0
3550,-1.0,-219.0,-2.0,0
3551,2.0,-218.0,4.0,0
3552,5.0,-215.0,2.0,0
3553,10.0,-214.0,9.0,0
3554,15.0,-209.0,12.0,0
3555,16.0,-202.0,13.0,0
3556,16.0,-197.0,12.0,0
3557,20.0,-195.0,13.0,0
3558,17.0,-192.0,15.0,0
3559,13.0,-189.0,15.0,0
3560,9.0,-192.0,13.0,0
3561,11.0,-200.0,11.0,0
3562,5.0,-204.0,9.0,0
3563,4.0,-212.0,18.0,0
3564,-1.0,-213.0,14.0,0
3565,-2.0,-218.0,19.0,0
3566,-2.0,-221.0,16.0,0
3567,-2.0,-215.0,18.0,0
3568,-4.0,-218.0,16.0,0
3569,-1.0,-217.0,15.0,0
3570,-2.0,-212.0,13.0,0
3571,-3.0,-210.0,14.0,0
3572,0.0,-205.0,15.0,0
3573,3.0,-204.0,17.0,0
3574,3.0,-195.0,19.0,0
3575,-1.0,-197.0,19.0,0
3576,-1.0,-198.0,22.0,0
3577,-2.0,-198.0,23.0,0
3578,-5.0,-201.0,24.0,0
3579,-9.0,-205.0,26.0,0
3580,-14.0,-209.0,29.0,0
3581,-18.0,-219.0,34.0,0
3582,-21.0,-218.0,36.0,0
3583,-27.0,-226.0,29.0,0
3584,-40.0,-232.0,33.0,0
3585,-37.0,-232.0,34.0,0
3586,-44.0,-232.0,30.0,0
3587,-43.0,-233.0,31.0,0
3588,-48.0,-230.0,30.0,0
3589,-48.0,-231.0,37.0,0
3590,-51.0,-231.0,37.0,0
3591,-47.0,-230.0,42.0,0
3592,-50.0,-229.0,44.0,0
3593,-39.0,-231.0,44.0,0
3594,-35.0,-233.0,48.0,0
3595,-28.0,-233.0,46.0,0
3596,-26.0,-233.0,49.0,0
3597,-23.0,-235.0,43.0,0
3598,-19.0,-238.0,37.0,0
3599,-14.0,-241.0,34.0,0
3600,-15.0,-244.0,34.0,0
3601,-13.0,-244.0,35.0,0
3602,-12.0,-247.0,29.0,0
3603,-14.0,-244.0,40.0,0
3604,-13.0,-242.0,45.0,0
3605,-16.0,-240.0,45.0,0
3606,-18.0,-241.0,49.0,0
3607,-20.0,-241.0,50.0,0
3608,-20.0,-237.0,47.0,0
3609,-23.0,-232.0,51.0,0
3610,-25.0,-227.0,51.0,0
3611,-20.0,-221.0,50.0,0
3612,-17.0,-216.0,41.0,0
3613,-16.0,-214.0,39.0,0
3614,-14.0,-213.0,39.0,0
3615,-11.0,-206.0,35.0,0
3616,-4.0,-207.0,35.0,0
3617,-7.0,-206.0,34.0,0
3618,4.0,-207.0,37.0,0
3619,12.0,-204.0,38.0,0
3620,17.0,-210.0,35.0,0
3621,17.0,-219.0,28.0,0
3622,13.0,-228.0,20.0,0
3623,10.0,-234.0,15.0,0
3624,10.0,-247.0,14.0,0
3625,8.0,-258.0,10.0,0
3626,8.0,-266.0,0.0,0
3627,10.0,-277.0,-9.0,0
3628,10.0,-297.0,-14.0,0
3629,17.0,-302.0,-21.0,0
3630,19.0,-312.0,-27.0,0
3631,20.0,-319.0,-28.0,0
3632,21.0,-326.0,-28.0,0
3633,25.0,-331.0,-32.0,0
3634,28.0,-333.0,-33.0,0
3635,26.0,-326.0,-36.0,0
3636,23.0,-327.0,-42.0,0
3637,20.0,-322.0,-35.0,0
3638,10.0,-310.0,-38.0,0
3639,9.0,-302.0,-43.0,0
3640,6.0,-297.0,-39.0,0
3641,5.0,-289.0,-42.0,0
3642,3.0,-283.0,-34.0,0
3643,5.0,-280.0,-35.0,0
3644,3.0,-278.0,-34.0,0
3645,10.0,-276.0,-24.0,0
3646,5.0,-278.0,-24.0,0
3647,0.0,-277.0,-14.0,0
3648,-6.0,-277.0,-4.0,0
3649,-9.0,-283.0,-2.0,0
3650,-17.0,-285.0,6.0,0
3651,-12.0,-292.0,12.0,0
3652,-5.0,-301.0,15.0,0
3653,6.0,-311.0,21.0,0
3654,20.0,-322.0,23.0,0
3655,37.0,-333.0,19.0,0
3656,57.0,-347.0,24.0,0
3657,81.0,-362.0,25.0,0
3658,96.0,-368.0,25.0,0
3659,107.0,-374.0,21.0,0
3660,113.0,-377.0,29.0,0
3661,116.0,-378.0,23.0,0
3662,106.0,-373.0,28.0,0
3663,93.0,-362.0,29.0,0
3664,74.0,-345.0,29.0,0
3665,54.0,-328.0,31.0,0
3666,33.0,-308.0,33.0,0
3667,7.0,-291.0,29.0,0
3668,-16.0,-263.0,30.0,0
3669,-41.0,-246.0,28.0,0
3670,-53.0,-235.0,29.0,0
3671,-63.0,-221.0,27.0,0
3672,-69.0,-222.0,28.0,0
3673,-68.0,-215.0,23.0,0
3674,-62.0,-216.0,26.0,0
3675,-54.0,-218.0,25.0,0
3676,-43.0,-219.0,26.0,0
3677,-33.0,-227.0,27.0,0
3678,-17.0,-232.0,28.0,0
3679,-4.0,-233.0,32.0,0
3680,8.0,-236.0,28.0,0
3681,25.0,-244.0,29.0,0
3682,41.0,-248.0,31.0,0
3683,43.0,-249.0,23.0,0
3684,49.0,-249.0,26.0,0
3685,48.0,-244.0,24.0,0
3686,48.0,-244.0,20.0,0
3687,46.0,-241.0,20.0,0
3688,44.0,-236.0,17.0,0
3689,38.0,-232.0,15.0,0
3690,32.0,-231.0,15.0,0
3691,25.0,-230.0,13.0,0
3692,20.0,-232.0,15.0,0
3693,16.0,-232.0,11.0,0
3694,9.0,-230.0,10.0,0
3695,7.0,-231.0,11.0,0
3696,1.0,-233.0,12.0,0
3697,0.0,-231.0,11.0,0
3698,-4.0,-229.0,11.0,0
3699,-5.0,-229.0,11.0,0
3700,-11.0,-231.0,12.0,0
3701,-8.0,-227.0,11.0,0
3702,-11.0,-228.0,6.0,0
3703,-12.0,-234.0,4.0,0
3704,-11.0,-222.0,9.0,0
3705,-9.0,-224.0,12.0,0
3706,-9.0,-224.0,16.0,0
3707,-11.0,-226.0,16.0,0
3708,-11.0,-228.0,20.0,0
3709,-14.0,-227.0,27.0,0
3710,-17.0,-229.0,25.0,0
3711,-15.0,-228.0,30.0,0
3712,-17.0,-230.0,28.0,0
3713,-19.0,-229.0,33.0,0
3714,-13.0,-228.0,30.0,0
3715,-18.0,-224.0,30.0,0
3716,-18.0,-224.0,25.0,0
3717,-15.0,-220.0,27.0,0
3718,-16.0,-218.0,25.0,0
3719,-16.0,-215.0,21.0,0
3720,-14.0,-212.0,24.0,0
3721,-14.0,-215.0,19.0,0
3722,-3.0,-212.0,22.0,0
3723,6.0,-216.0,18.0,0
3724,11.0,-220.0,18.0,0
3725,16.0,-216.0,16.0,0
3726,25.0,-219.0,20.0,0
3727,30.0,-223.0,18.0,0
3728,35.0,-225.0,25.0,0
3729,30.0,-223.0,23.0,0
3730,32.0,-223.0,27.0,0
3731,33.0,-222.0,25.0,0
3732,31.0,-223.0,25.0,0
3733,30.0,-218.0,22.0,0
3734,27.0,-213.0,17.0,0
3735,24.0,-210.0,13.0,0
3736,24.0,-199.0,15.0,0
3737,16.0,-202.0,12.0,0
3738,18.0,-202.0,5.0,0
3739,17.0,-210.0,3.0,0
3740,12.0,-215.0,1.0,0
3741,9.0,-220.0,4.0,0
3742,6.0,-227.0,3.0,0
3743,-5.0,-225.0,10.0,0
3744,-10.0,-231.0,8.0,0
3745,-10.0,-230.0,12.0,0
3746,-16.0,-227.0,13.0,0
3747,-20.0,-232.0,19.0,0
3748,-24.0,-222.0,14.0,0
3749,-26.0,-219.0,13.0,0
3750,-24.0,-214.0,14.0,0
3751,-22.0,-216.0,15.0,0
3752,-20.0,-218.0,17.0,0
3753,-20.0,-218.0,16.0,0
3754,-19.0,-219.0,21.0,0
3755,-13.0,-222.0,22.0,0
3756,-20.0,-223.0,19.0,0
3757,-22.0,-222.0,26.0,0
3758,-31.0,-218.0,25.0,0
3759,-30.0,-222.0,31.0,0
3760,-32.0,-223.0,30.0,0
3761,-39.0,-221.0,28.0,0
3762,-45.0,-212.0,33.0,0
3763,-54.0,-213.0,31.0,0
3764,-53.0,-209.0,37.0,0
3765,-58.0,-201.0,37.0,0
3766,-59.0,-194.0,40.0,0
3767,-55.0,-196.0,40.0,0
3768,-48.0,-197.0,42.0,0
3769,-43.0,-195.0,39.0,0
3770,-38.0,-192.0,36.0,0
3771,-38.0,-195.0,35.0,0
3772,-32.0,-197.0,30.0,0
3773,-28.0,-198.0,34.0,0
3774,-28.0,-202.0,30.0,0
3775,-29.0,-205.0,37.0,0
3776,-28.0,-206.0,33.0,0
3777,-28.0,-211.0,33.0,0
3778,-24.0,-210.0,29.0,0
3779,-20.0,-213.0,19.0,0
3780,-17.0,-210.0,6.0,0
3781,-17.0,-210.0,-4.0,0
3782,-11.0,-211.0,-12.0,0
3783,-4.0,-209.0,-16.0,0
3784,2.0,-209.0,-25.0,0
3785,7.0,-212.0,-18.0,0
3786,8.0,-215.0,-24.0,0
3787,8.0,-215.0,-19.0,0
3788,8.0,-221.0,-17.0,0
3789,4.0,-222.0,-11.0,0
3790,-4.0,-227.0,-8.0,0
3791,-5.0,-227.0,1.0,0
3792,-6.0,-235.0,-5.0,0
3793,-10.0,-235.0,-3.0,0
3794,-14.0,-236.0,-8.0,0
3795,-20.0,-237.0,-7.0,0
3796,-21.0,-239.0,-14.0,0
3797,-19.0,-246.0,-30.0,0
3798,-12.0,-254.0,-29.0,0
3799,-7.0,-260.0,-39.0,0
3800,2.0,-267.0,-43.0,0
3801,18.0,-277.0,-47.0,0
3802,24.0,-282.0,-50.0,0
3803,29.0,-291.0,-51.0,0
3804,27.0,-292.0,-52.0,0
3805,33.0,-301.0,-59.0,0
3806,42.0,-307.0,-61.0,0
3807,45.0,-313.0,-60.0,0
3808,49.0,-318.0,-65.0,0
3809,57.0,-322.0,-63.0,0
3810,53.0,-314.0,-58.0,0
3811,51.0,-309.0,-59.0,0
3812,50.0,-295.0,-57.0,0
3813,47.0,-284.0,-53.0,0
3814,38.0,-277.0,-51.0,0
3815,27.0,-268.0,-50.0,0
3816,18.0,-268.0,-51.0,0
3817,5.0,-268.0,-51.0,0
3818,-9.0,-271.0,-49.0,0
3819,-28.0,-282.0,-44.0,0
3820,-45.0,-300.0,-38.0,0
3821,-61.0,-319.0,-41.0,0
3822,-63.0,-350.0,-46.0,0
3823,-68.0,-373.0,-51.0,0
3824,-69.0,-395.0,-55.0,0
3825,-54.0,-405.0,-56.0,0
3826,-38.0,-400.0,-53.0,0
3827,-29.0,-393.0,-41.0,0
3828,-20.0,-385.0,-24.0,0
3829,-18.0,-373.0,-16.0,0
3830,-22.0,-363.0,-5.0,0
3831,-20.0,-349.0,5.0,0
3832,-24.0,-326.0,7.0,0
3833,-28.0,-305.0,9.0,0
3834,-33.0,-285.0,5.0,0
3835,-48.0,-263.0,7.0,0
3836,-55.0,-252.0,4.0,0
3837,-61.0,-238.0,8.0,0
3838,-62.0,-231.0,10.0,0
3839,-66.0,-227.0,13.0,0
3840,-70.0,-232.0,11.0,0
3841,-65.0,-241.0,13.0,0
3842,-58.0,-253.0,19.0,0
3843,-49.0,-266.0,19.0,0
3844,-35.0,-283.0,13.0,0
3845,-34.0,-295.0,19.0,0
3846,-25.0,-305.0,14.0,0
3847,-18.0,-308.0,9.0,0
3848,-13.0,-308.0,3.0,0
3849,-6.0,-307.0,-3.0,0
3850,-11.0,-302.0,-7.0,0
3851,-14.0,-293.0,-13.0,0
3852,-12.0,-284.0,-11.0,0
3853,-11.0,-273.0,-13.0,0
3854,-9.0,-260.0,-16.0,0
3855,-8.0,-249.0,-10.0,0
3856,-15.0,-242.0,-9.0,0
3857,-15.0,-236.0,-14.0,0
3858,-19.0,-228.0,-16.0,0
3859,-22.0,-217.0,-9.0,0
3860,-22.0,-215.0,-9.0,0
3861,-26.0,-214.0,-13.0,0
3862,-32.0,-214.0,-20.0,0
3863,-29.0,-215.0,-19.0,0
3864,-26.0,-217.0,-15.0,0
3865,-33.0,-219.0,-16.0,0
3866,-21.0,-222.0,-14.0,0
3867,-20.0,-231.0,-19.0,0
3868,-19.0,-232.0,-20.0,0
3869,-19.0,-238.0,-16.0,0
3870,-14.0,-244.0,-21.0,0
3871,-10.0,-246.0,-18.0,0
3872,-12.0,-248.0,-20.0,0
3873,-11.0,-249.0,-18.0,0
3874,-16.0,-249.0,-7.0,0
3875,-13.0,-247.0,-4.0,0
3876,-17.0,-243.0,1.0,0
3877,-19.0,-242.0,-3.0,0
3878,-19.0,-235.0,7.0,0
3879,-18.0,-231.0,4.0,0
3880,-20.0,-225.0,-1.0,0
3881,-20.0,-220.0,-4.0,0
3882,-19.0,-213.0,-6.0,0
3883,-19.0,-209.0,-11.0,0
3884,-17.0,-205.0,-17.0,0
3885,-20.0,-198.0,-25.0,0
3886,-16.0,-202.0,-22.0,0
3887,-14.0,-206.0,-24.0,0
3888,-14.0,-210.0,-21.0,0
3889,-19.0,-215.0,-22.0,0
3890,-18.0,-219.0,-18.0,0
3891,-15.0,-224.0,-11.0,0
3892,-16.0,-229.0,-4.0,0
3893,-12.0,-231.0,0.0,0
3894,-8.0,-238.0,1.0,0
3895,-10.0,-232.0,3.0,0
3896,-6.0,-234.0,5.0,0
3897,-2.0,-229.0,-1.0,0
3898,-7.0,-234.0,-1.0,0
3899,1.0,-229.0,4.0,0
3900,-2.0,-221.0,8.0,0
3901,-3.0,-222.0,9.0,0
3902,-3.0,-218.0,12.0,0
3903,-5.0,-216.0,14.0,0
3904,-10.0,-214.0,13.0,0
3905,-17.0,-211.0,18.0,0
3906,-18.0,-217.0,19.0,0
3907,-18.0,-217.0,22.0,0
3908,-22.0,-214.0,28.0,0
3909,-25.0,-213.0,23.0,0
3910,-20.0,-213.0,30.0,0
3911,-22.0,-211.0,36.0,0
3912,-20.0,-213.0,36.0,0
3913,-23.0,-208.0,35.0,0
3914,-21.0,-210.0,32.0,0
3915,-19.0,-214.0,32.0,0
3916,-17.0,-215.0,34.0,0
3917,-12.0,-211.0,33.0,0
3918,-15.0,-216.0,36.0,0
3919,-17.0,-215.0,37.0,0
3920,-9.0,-214.0,46.0,0
3921,-14.0,-221.0,47.0,0
3922,-16.0,-219.0,54.0,0
3923,-10.0,-221.0,54.0,0
3924,-13.0,-219.0,60.0,0
3925,-14.0,-215.0,62.0,0
3926,-19.0,-209.0,61.0,0
3927,-20.0,-201.0,65.0,0
3928,-17.0,-198.0,58.0,0
3929,-20.0,-189.0,59.0,0
3930,-20.0,-187.0,54.0,0
3931,-18.0,-190.0,49.0,0
3932,-30.0,-193.0,54.0,0
3933,-31.0,-194.0,53.0,0
3934,-38.0,-201.0,56.0,0
3935,-43.0,-206.0,49.0,0
3936,-47.0,-213.0,44.0,0
3937,-54.0,-219.0,43.0,0
3938,-56.0,-221.0,44.0,0
3939,-61.0,-227.0,44.0,0
3940,-62.0,-234.0,40.0,0
3941,-66.0,-237.0,36.0,0
3942,-59.0,-238.0,38.0,0
3943,-61.0,-239.0,37.0,0
3944,-54.0,-240.0,34.0,0
3945,-51.0,-236.0,32.0,0
3946,-44.0,-236.0,28.0,0
3947,-40.0,-237.0,30.0,0
3948,-44.0,-228.0,29.0,0
3949,-44.0,-227.0,30.0,0
3950,-37.0,-227.0,24.0,0
3951,-35.0,-224.0,26.0,0
3952,-41.0,-222.0,25.0,0
3953,-48.0,-222.0,29.0,0
3954,-48.0,-219.0,30.0,0
3955,-49.0,-219.0,28.0,0
3956,-45.0,-216.0,25.0,0
3957,-33.0,-219.0,21.0,0
3958,-31.0,-220.0,13.0,0
3959,-31.0,-221.0,14.0,0
3960,-36.0,-228.0,8.0,0
3961,-38.0,-238.0,3.0,0
3962,-44.0,-245.0,-2.0,0
3963,-48.0,-247.0,-12.0,0
3964,-34.0,-255.0,-21.0,0
3965,-35.0,-263.0,-23.0,0
3966,-30.0,-267.0,-38.0,0
3967,-21.0,-267.0,-39.0,0
3968,-19.0,-263.0,-50.0,0
3969,-11.0,-265.0,-53.0,0
3970,-11.0,-269.0,-57.0,0
3971,-13.0,-276.0,-61.0,0
3972,-14.0,-284.0,-59.0,0
3973,-13.0,-293.0,-63.0,0
3974,-17.0,-295.0,-55.0,0
3975,-12.0,-310.0,-52.0,0
3976,-8.0,-313.0,-55.0,0
3977,4.0,-326.0,-52.0,0
3978,20.0,-327.0,-45.0,0
3979,36.0,-335.0,-41.0,0
3980,43.0,-332.0,-27.0,0
3981,54.0,-324.0,-22.0,0
3982,50.0,-317.0,-9.0,0
3983,51.0,-306.0,7.0,0
3984,48.0,-295.0,12.0,0
3985,52.0,-288.0,13.0,0
3986,52.0,-288.0,17.0,0
3987,58.0,-286.0,23.0,0
3988,65.0,-285.0,19.0,0
3989,80.0,-292.0,18.0,0
3990,95.0,-299.0,19.0,0
3991,107.0,-305.0,22.0,0
3992,122.0,-317.0,30.0,0
3993,135.0,-323.0,28.0,0
3994,135.0,-339.0,40.0,0
3995,133.0,-353.0,45.0,0
3996,123.0,-356.0,47.0,0
3997,115.0,-372.0,50.0,0
3998,102.0,-376.0,48.0,0
3999,79.0,-374.0,44.0,0
4000,57.0,-370.0,32.0,0
4001,37.0,-356.0,25.0,0
4002,20.0,-343.0,22.0,0
4003,7.0,-327.0,13.0,0
4004,-10.0,-315.0,13.0,0
4005,-22.0,-301.0,14.0,0
4006,-32.0,-294.0,21.0,0
4007,-37.0,-280.0,26.0,0
4008,-36.0,-278.0,35.0,0
4009,-32.0,-271.0,40.0,0
4010,-22.0,-269.0,42.0,0
4011,-20.0,-261.0,46.0,0
4012,-11.0,-260.0,46.0,0
4013,2.0,-261.0,42.0,0
4014,11.0,-260.0,42.0,0
4015,16.0,-258.0,45.0,0
4016,19.0,-259.0,38.0,0
4017,23.0,-256.0,32.0,0
4018,25.0,-259.0,35.0,0
4019,20.0,-257.0,32.0,0
4020,18.0,-256.0,31.0,0
4021,13.0,-259.0,28.0,0
4022,17.0,-257.0,28.0,0
4023,13.0,-254.0,24.0,0
4024,8.0,-250.0,28.0,0
4025,6.0,-245.0,27.0,0
4026,7.0,-243.0,27.0,0
4027,4.0,-236.0,21.0,0
4028,19.0,-236.0,13.0,0
4029,27.0,-231.0,6.0,0
4030,27.0,-223.0,3.0,0
4031,23.0,-219.0,3.0,0
4032,17.0,-213.0,4.0,0
4033,12.0,-209.0,1.0,0
4034,10.0,-207.0,-2.0,0
4035,8.0,-205.0,5.0,0
4036,2.0,-203.0,-1.0,0
4037,6.0,-201.0,6.0,0
4038,13.0,-208.0,11.0,0
4039,11.0,-202.0,11.0,0
4040,16.0,-204.0,10.0,0
4041,15.0,-209.0,10.0,0
4042,18.0,-209.0,7.0,0
4043,14.0,-210.0,6.0,0
4044,15.0,-206.0,6.0,0
4045,12.0,-208.0,7.0,0
4046,9.0,-204.0,15.0,0
4047,3.0,-199.0,12.0,0
4048,-3.0,-196.0,13.0,0
4049,-6.0,-193.0,14.0,0
4050,-6.0,-187.0,8.0,0
4051,-6.0,-188.0,15.0,0
4052,-13.0,-185.0,17.0,0
4053,-14.0,-186.0,13.0,0
4054,-14.0,-185.0,12.0,0
4055,-13.0,-186.0,16.0,0
4056,-14.0,-185.0,15.0,0
4057,-15.0,-185.0,14.0,0
4058,-17.0,-183.0,12.0,0
4059,-17.0,-183.0,18.0,0
4060,-15.0,-191.0,15.0,0
4061,-14.0,-200.0,21.0,0
4062,-18.0,-195.0,26.0,0
4063,-28.0,-195.0,26.0,0
4064,-35.0,-195.0,31.0,0
4065,-44.0,-188.0,30.0,0
4066,-46.0,-185.0,28.0,0
4067,-50.0,-182.0,28.0,0
4068,-47.0,-182.0,25.0,0
4069,-42.0,-177.0,19.0,0
4070,-38.0,-172.0,18.0,0
4071,-29.0,-177.0,22.0,0
4072,-24.0,-174.0,17.0,0
4073,-17.0,-172.0,19.0,0
4074,-11.0,-178.0,26.0,0
4075,-6.0,-176.0,28.0,0
4076,4.0,-179.0,31.0,0
4077,5.0,-178.0,34.0,0
4078,10.0,-181.0,32.0,0
4079,20.0,-182.0,26.0,0
4080,29.0,-182.0,25.0,0
4081,40.0,-182.0,28.0,0
4082,44.0,-188.0,19.0,0
4083,53.0,-191.0,24.0,0
4084,52.0,-196.0,24.0,0
4085,47.0,-199.0,25.0,0
4086,44.0,-204.0,30.0,0
4087,40.0,-210.0,28.0,0
4088,37.0,-211.0,30.0,0
4089,32.0,-217.0,32.0,0
4090,29.0,-218.0,26.0,0
4091,30.0,-221.0,28.0,0
4092,23.0,-225.0,31.0,0
4093,13.0,-224.0,16.0,0
4094,15.0,-224.0,26.0,0
4095,7.0,-222.0,24.0,0
4096,9.0,-224.0,16.0,0
4097,8.0,-220.0,14.0,0
4098,6.0,-221.0,13.0,0
4099,4.0,-222.0,13.0,0
4100,2.0,-222.0,17.0,0
4101,5.0,-224.0,20.0,0
4102,9.0,-224.0,28.0,0
4103,13.0,-228.0,28.0,0
4104,12.0,-221.0,38.0,0
4105,10.0,-213.0,41.0,0
4106,9.0,-211.0,38.0,0
4107,9.0,-204.0,41.0,0
4108,5.0,-197.0,44.0,0
4109,5.0,-194.0,42.0,0
4110,9.0,-200.0,37.0,0
4111,11.0,-199.0,35.0,0
4112,5.0,-207.0,27.0,0
4113,1.0,-214.0,20.0,0
4114,3.0,-223.0,8.0,0
4115,15.0,-238.0,-2.0,0
4116,24.0,-251.0,-17.0,0
4117,35.0,-270.0,-23.0,0
4118,39.0,-282.0,-35.0,0
4119,46.0,-301.0,-35.0,0
4120,48.0,-314.0,-42.0,0
4121,49.0,-325.0,-47.0,0
4122,49.0,-339.0,-53.0,0
4123,48.0,-345.0,-57.0,0
4124,48.0,-352.0,-55.0,0
4125,45.0,-354.0,-54.0,0
4126,26.0,-354.0,-55.0,0
4127,12.0,-346.0,-48.0,0
4128,-12.0,-340.0,-39.0,0
4129,-36.0,-331.0,-38.0,0
4130,-59.0,-329.0,-33.0,0
4131,-80.0,-326.0,-26.0,0
4132,-106.0,-328.0,-25.0,0
4133,-117.0,-336.0,-20.0,0
4134,-127.0,-345.0,-21.0,0
4135,-126.0,-358.0,-22.0,0
4136,-114.0,-374.0,-28.0,0
4137,-93.0,-380.0,-25.0,0
4138,-75.0,-378.0,-29.0,0
4139,-51.0,-374.0,-19.0,0
4140,-35.0,-369.0,-17.0,0
4141,-26.0,-358.0,-13.0,0
4142,-24.0,-348.0,-14.0,0
4143,-23.0,-333.0,-11.0,0
4144,-25.0,-324.0,-16.0,0
4145,-28.0,-315.0,-8.0,0
4146,-31.0,-305.0,-11.0,0
4147,-34.0,-285.0,-3.0,0
4148,-34.0,-281.0,-1.0,0
4149,-35.0,-278.0,3.0,0
4150,-36.0,-273.0,7.0,0
4151,-35.0,-281.0,7.0,0
4152,-38.0,-282.0,9.0,0
4153,-31.0,-293.0,4.0,0
4154,-36.0,-300.0,2.0,0
4155,-35.0,-306.0,4.0,0
4156,-35.0,-311.0,5.0,0
4157,-39.0,-316.0,0.0,0
4158,-36.0,-318.0,-1.0,0
4159,-35.0,-319.0,-2.0,0
4160,-32.0,-316.0,2.0,0
4161,-30.0,-309.0,0.0,0
4162,-30.0,-305.0,-1.0,0
4163,-29.0,-297.0,-6.0,0
4164,-24.0,-293.0,-6.0,0
4165,-20.0,-287.0,-12.0,0
4166,-18.0,-276.0,-9.0,0
4167,-16.0,-270.0,-9.0,0
4168,-15.0,-260.0,-11.0,0
4169,-9.0,-250.0,-17.0,0
4170,-7.0,-247.0,-19.0,0
4171,-7.0,-243.0,-23.0,0
4172,-7.0,-242.0,-27.0,0
4173,-5.0,-243.0,-30.0,0
4174,-7.0,-247.0,-27.0,0
4175,-4.0,-249.0,-26.0,0
4176,-6.0,-248.0,-29.0,0
4177,-13.0,-251.0,-30.0,0
4178,-9.0,-256.0,-30.0,0
4179,-12.0,-251.0,-28.0,0
4180,-7.0,-250.0,-17.0,0
4181,-10.0,-252.0,-20.0,0
4182,-13.0,-247.0,-18.0,0
4183,-17.0,-246.0,-20.0,0
4184,-14.0,-245.0,-20.0,0
4185,-18.0,-243.0,-16.0,0
4186,-22.0,-238.0,-15.0,0
4187,-20.0,-237.0,-17.0,0
4188,-18.0,-228.0,-17.0,0
4189,-19.0,-231.0,-21.0,0
4190,-19.0,-232.0,-20.0,0
4191,-18.0,-215.0,-17.0,0
4192,-10.0,-216.0,-13.0,0
4193,-11.0,-211.0,-15.0,0
4194,-9.0,-207.0,-11.0,0
4195,-9.0,-208.0,-11.0,0
4196,-5.0,-206.0,-13.0,0
4197,-6.0,-205.0,-13.0,0
4198,-5.0,-208.0,-11.0,0
4199,-3.0,-213.0,-15.0,0
4200,-5.0,-210.0,-8.0,0
4201,-5.0,-209.0,-27.0,0
4202,-4.0,-218.0,-11.0,0
4203,-6.0,-216.0,-10.0,0
4204,-3.0,-219.0,-7.0,0
4205,-5.0,-218.0,-12.0,0
4206,-5.0,-222.0,-10.0,0
4207,-6.0,-217.0,-6.0,0
4208,-5.0,-217.0,-6.0,0
4209,-7.0,-220.0,-2.0,0
4210,-3.0,-217.0,-2.0,0
4211,-4.0,-220.0,-2.0,0
4212,-1.0,-224.0,5.0,0
4213,-3.0,-217.0,5.0,0
4214,-4.0,-215.0,1.0,0
4215,-4.0,-215.0,4.0,0
4216,-4.0,-212.0,5.0,0
4217,-4.0,-207.0,7.0,0
4218,0.0,-207.0,10.0,0
4219,-1.0,-205.0,3.0,0
4220,1.0,-201.0,5.0,0
4221,2.0,-205.0,6.0,0
4222,4.0,-206.0,4.0,0
4223,7.0,-209.0,8.0,0
4224,5.0,-212.0,11.0,0
4225,3.0,-217.0,14.0,0
4226,2.0,-219.0,14.0,0
4227,-1.0,-222.0,15.0,0
4228,-7.0,-225.0,18.0,0
4229,-6.0,-228.0,21.0,0
4230,-7.0,-226.0,21.0,0
4231,-16.0,-229.0,23.0,0
4232,-18.0,-225.0,21.0,0
4233,-17.0,-226.0,19.0,0
4234,-16.0,-223.0,18.0,0
4235,-20.0,-220.0,19.0,0
4236,-16.0,-219.0,15.0,0
4237,-12.0,-222.0,19.0,0
4238,-10.0,-219.0,18.0,0
4239,-6.0,-216.0,18.0,0
4240,-4.0,-218.0,22.0,0
4241,2.0,-219.0,26.0,0
4242,2.0,-220.0,23.0,0
4243,4.0,-223.0,27.0,0
4244,9.0,-225.0,32.0,0
4245,11.0,-226.0,31.0,0
4246,9.0,-230.0,35.0,0
4247,9.0,-231.0,34.0,0
4248,5.0,-233.0,34.0,0
4249,9.0,-236.0,28.0,0
4250,4.0,-235.0,30.0,0
4251,2.0,-236.0,27.0,0
4252,-3.0,-236.0,21.0,0
4253,-11.0,-234.0,25.0,0
4254,-17.0,-230.0,24.0,0
4255,-18.0,-230.0,30.0,0
4256,-18.0,-236.0,25.0,0
4257,-20.0,-236.0,34.0,0
4258,-22.0,-236.0,29.0,0
4259,-22.0,-241.0,28.0,0
4260,-26.0,-241.0,20.0,0
4261,-25.0,-244.0,16.0,0
4262,-22.0,-246.0,13.0,0
4263,-28.0,-244.0,16.0,0
4264,-23.0,-246.0,15.0,0
4265,-22.0,-244.0,13.0,0
4266,-27.0,-240.0,15.0,0
4267,-26.0,-239.0,14.0,0
4268,-28.0,-235.0,14.0,0
4269,-30.0,-228.0,15.0,0
4270,-33.0,-224.0,18.0,0
4271,-34.0,-227.0,16.0,0
4272,-34.0,-221.0,24.0,0
4273,-36.0,-220.0,25.0,0
4274,-36.0,-219.0,27.0,0
4275,-36.0,-225.0,28.0,0
4276,-38.0,-222.0,31.0,0
4277,-37.0,-226.0,29.0,0
4278,-34.0,-229.0,25.0,0
4279,-33.0,-231.0,24.0,0
4280,-28.0,-233.0,22.0,0
4281,-27.0,-232.0,25.0,0
4282,-20.0,-234.0,20.0,0
4283,-20.0,-234.0,23.0,0
4284,-13.0,-236.0,22.0,0
4285,-1.0,-238.0,23.0,0
4286,7.0,-241.0,25.0,0
4287,10.0,-244.0,19.0,0
4288,10.0,-247.0,14.0,0
4289,5.0,-245.0,12.0,0
4290,7.0,-253.0,2.0,0
4291,6.0,-258.0,-6.0,0
4292,7.0,-262.0,-12.0,0
4293,13.0,-266.0,-13.0,0
4294,18.0,-275.0,-17.0,0
4295,24.0,-281.0,-27.0,0
4296,28.0,-290.0,-30.0,0
4297,31.0,-300.0,-52.0,0
4298,32.0,-304.0,-61.0,0
4299,26.0,-303.0,-68.0,0
4300,25.0,-298.0,-73.0,0
4301,17.0,-291.0,-77.0,0
4302,14.0,-281.0,-84.0,0
4303,13.0,-278.0,-89.0,0
4304,16.0,-276.0,-92.0,0
4305,20.0,-275.0,-95.0,0
4306,25.0,-277.0,-95.0,0
4307,30.0,-276.0,-90.0,0
4308,28.0,-268.0,-88.0,0
4309,29.0,-270.0,-81.0,0
4310,24.0,-272.0,-84.0,0
4311,25.0,-257.0,-65.0,0
4312,27.0,-260.0,-59.0,0
4313,27.0,-265.0,-44.0,0
4314,24.0,-272.0,-36.0,0
4315,24.0,-279.0,-26.0,0
4316,25.0,-293.0,-17.0,0
4317,21.0,-297.0,-6.0,0
4318,21.0,-305.0,2.0,0
4319,17.0,-313.0,15.0,0
4320,12.0,-322.0,12.0,0
4321,13.0,-326.0,15.0,0
4322,14.0,-335.0,12.0,0
4323,16.0,-340.0,12.0,0
4324,18.0,-340.0,8.0,0
4325,17.0,-340.0,6.0,0
4326,23.0,-339.0,11.0,0
4327,28.0,-331.0,13.0,0
4328,40.0,-331.0,16.0,0
4329,48.0,-333.0,21.0,0
4330,57.0,-333.0,25.0,0
4331,71.0,-327.0,23.0,0
4332,80.0,-326.0,20.0,0
4333,88.0,-328.0,19.0,0
4334,88.0,-329.0,14.0,0
4335,76.0,-320.0,12.0,0
4336,63.0,-315.0,5.0,0
4337,47.0,-308.0,4.0,0
4338,32.0,-298.0,1.0,0
4339,13.0,-291.0,-5.0,0
4340,-9.0,-282.0,-2.0,0
4341,-27.0,-270.0,-11.0,0
4342,-35.0,-264.0,-9.0,0
4343,-42.0,-258.0,-8.0,0
4344,-48.0,-252.0,-3.0,0
4345,-45.0,-245.0,0.0,0
4346,-41.0,-240.0,0.0,0
4347,-34.0,-232.0,2.0,0
4348,-21.0,-229.0,3.0,0
4349,-13.0,-221.0,5.0,0
4350,1.0,-215.0,2.0,0
4351,13.0,-208.0,10.0,0
4352,24.0,-202.0,2.0,0
4353,35.0,-199.0,10.0,0
4354,41.0,-199.0,13.0,0
4355,45.0,-197.0,12.0,0
4356,43.0,-199.0,11.0,0
4357,44.0,-198.0,12.0,0
4358,40.0,-201.0,12.0,0
4359,36.0,-201.0,10.0,0
4360,32.0,-200.0,14.0,0
4361,28.0,-204.0,14.0,0
4362,19.0,-209.0,17.0,0
4363,12.0,-203.0,18.0,0
4364,7.0,-203.0,25.0,0
4365,5.0,-204.0,21.0,0
4366,1.0,-198.0,21.0,0
4367,-2.0,-194.0,16.0,0
4368,-3.0,-190.0,16.0,0
4369,-1.0,-189.0,13.0,0
4370,-1.0,-185.0,15.0,0
4371,-6.0,-184.0,11.0,0
4372,-3.0,-189.0,11.0,0
4373,-1.0,-187.0,17.0,0
4374,6.0,-192.0,18.0,0
4375,8.0,-197.0,18.0,0
4376,10.0,-201.0,21.0,0
4377,15.0,-212.0,22.0,0
4378,14.0,-213.0,17.0,0
4379,12.0,-221.0,22.0,0
4380,9.0,-222.0,27.0,0
4381,7.0,-221.0,30.0,0
4382,3.0,-224.0,29.0,0
4383,-1.0,-221.0,36.0,0
4384,-6.0,-219.0,32.0,0
4385,1.0,-215.0,29.0,0
4386,-10.0,-211.0,26.0,0
4387,-10.0,-206.0,22.0,0
4388,-10.0,-202.0,19.0,0
4389,-13.0,-197.0,12.0,0
4390,-15.0,-194.0,13.0,0
4391,-18.0,-187.0,13.0,0
4392,-14.0,-190.0,13.0,0
4393,-10.0,-186.0,15.0,0
4394,-3.0,-193.0,17.0,0
4395,-1.0,-195.0,17.0,0
4396,10.0,-200.0,21.0,0
4397,15.0,-207.0,22.0,0
4398,18.0,-212.0,23.0,0
4399,23.0,-216.0,30.0,0
4400,25.0,-223.0,29.0,0
4401,27.0,-226.0,33.0,0
4402,28.0,-230.0,29.0,0
4403,30.0,-235.0,23.0,0
4404,23.0,-229.0,25.0,0
4405,23.0,-227.0,23.0,0
4406,18.0,-228.0,24.0,0
4407,10.0,-227.0,23.0,0
4408,8.0,-224.0,12.0,0
4409,4.0,-223.0,14.0,0
4410,0.0,-220.0,10.0,0
4411,-3.0,-216.0,12.0,0
4412,-7.0,-213.0,13.0,0
4413,-11.0,-212.0,13.0,0
4414,-11.0,-209.0,13.0,0
4415,-10.0,-210.0,13.0,0
4416,-10.0,-215.0,17.0,0
4417,-6.0,-217.0,15.0,0
4418,-8.0,-224.0,21.0,0
4419,-4.0,-230.0,28.0,0
4420,4.0,-237.0,28.0,0
4421,5.0,-241.0,26.0,0
4422,11.0,-246.0,29.0,0
4423,19.0,-245.0,32.0,0
4424,21.0,-245.0,27.0,0
4425,28.0,-243.0,30.0,0
4426,33.0,-240.0,31.0,0
4427,33.0,-239.0,37.0,0
4428,34.0,-235.0,32.0,0
4429,34.0,-225.0,35.0,0
4430,33.0,-226.0,34.0,0
4431,31.0,-221.0,35.0,0
4432,32.0,-218.0,36.0,0
4433,29.0,-212.0,35.0,0
4434,22.0,-207.0,36.0,0
4435,21.0,-202.0,34.0,0
4436,12.0,-199.0,25.0,0
4437,-1.0,-196.0,31.0,0
4438,-10.0,-204.0,24.0,0
4439,-18.0,-207.0,23.0,0
4440,-19.0,-216.0,11.0,0
4441,-17.0,-236.0,8.0,0
4442,-19.0,-246.0,0.0,0
4443,-20.0,-270.0,-7.0,0
4444,-17.0,-291.0,-18.0,0
4445,-5.0,-307.0,-32.0,0
4446,3.0,-324.0,-41.0,0
4447,3.0,-337.0,-56.0,0
4448,8.0,-349.0,-65.0,0
4449,9.0,-355.0,-68.0,0
4450,5.0,-355.0,-71.0,0
4451,13.0,-356.0,-75.0,0
4452,12.0,-349.0,-71.0,0
4453,13.0,-347.0,-74.0,0
4454,10.0,-343.0,-67.0,0
4455,6.0,-334.0,-65.0,0
4456,7.0,-329.0,-61.0,0
4457,5.0,-322.0,-51.0,0
4458,3.0,-315.0,-46.0,0
4459,-5.0,-310.0,-39.0,0
4460,-13.0,-307.0,-44.0,0
4461,-12.0,-299.0,-26.0,0
4462,-30.0,-299.0,-22.0,0
4463,-39.0,-295.0,-19.0,0
4464,-45.0,-298.0,-9.0,0
4465,-57.0,-297.0,-2.0,0
4466,-68.0,-296.0,-1.0,0
4467,-73.0,-301.0,8.0,0
4468,-78.0,-307.0,11.0,0
4469,-79.0,-307.0,13.0,0
4470,-85.0,-313.0,16.0,0
4471,-83.0,-316.0,22.0,0
4472,-83.0,-324.0,14.0,0
4473,-83.0,-326.0,18.0,0
4474,-77.0,-327.0,17.0,0
4475,-70.0,-329.0,13.0,0
4476,-61.0,-325.0,9.0,0
4477,-52.0,-324.0,6.0,0
4478,-37.0,-327.0,-4.0,0
4479,-28.0,-325.0,-11.0,0
4480,-19.0,-325.0,-14.0,0
4481,-15.0,-319.0,-20.0,0
4482,-3.0,-319.0,-27.0,0
4483,0.0,-307.0,-25.0,0
4484,3.0,-300.0,-26.0,0
4485,3.0,-293.0,-29.0,0
4486,2.0,-282.0,-24.0,0
4487,-3.0,-269.0,-29.0,0
4488,-6.0,-254.0,-22.0,0
4489,-8.0,-244.0,-15.0,0
4490,-17.0,-229.0,-10.0,0
4491,-19.0,-219.0,-7.0,0
4492,-19.0,-209.0,-7.0,0
4493,-27.0,-194.0,3.0,0
4494,-28.0,-189.0,9.0,0
4495,-32.0,-181.0,9.0,0
4496,-35.0,-176.0,9.0,0
4497,-37.0,-177.0,11.0,0
4498,-35.0,-177.0,10.0,0
4499,-36.0,-180.0,10.0,0
4500,-32.0,-185.0,11.0,0
4501,-27.0,-195.0,5.0,0
4502,-24.0,-201.0,5.0,0
4503,-20.0,-214.0,-2.0,0
4504,-14.0,-223.0,-7.0,0
4505,-14.0,-227.0,-13.0,0
4506,-10.0,-235.0,-13.0,0
4507,-5.0,-236.0,-17.0,0
4508,-5.0,-237.0,-17.0,0
4509,-7.0,-234.0,-19.0,0
4510,-6.0,-235.0,-21.0,0
4511,-3.0,-229.0,-21.0,0
4512,-7.0,-228.0,-15.0,0
4513,-6.0,-225.0,-17.0,0
4514,-6.0,-218.0,-9.0,0
4515,-6.0,-219.0,-6.0,0
4516,-9.0,-219.0,5.0,0
4517,-4.0,-217.0,4.0,0
4518,-2.0,-215.0,11.0,0
4519,-1.0,-211.0,12.0,0
4520,-1.0,-211.0,15.0,0
4521,1.0,-209.0,18.0,0
4522,-2.0,-206.0,20.0,0
4523,5.0,-204.0,17.0,0
4524,3.0,-200.0,17.0,0
4525,1.0,-198.0,14.0,0
4526,11.0,-196.0,14.0,0
4527,17.0,-184.0,12.0,0
4528,19.0,-194.0,18.0,0
4529,16.0,-188.0,22.0,0
4530,16.0,-187.0,27.0,0
4531,17.0,-189.0,27.0,0
4532,8.0,-191.0,37.0,0
4533,2.0,-198.0,38.0,0
4534,-2.0,-199.0,38.0,0
4535,-9.0,-204.0,38.0,0
4536,-18.0,-216.0,28.0,0
4537,-25.0,-219.0,30.0,0
4538,-36.0,-222.0,28.0,0
4539,-46.0,-228.0,26.0,0
4540,-53.0,-234.0,20.0,0
4541,-55.0,-236.0,16.0,0
4542,-54.0,-239.0,12.0,0
4543,-49.0,-239.0,15.0,0
4544,-41.0,-240.0,10.0,0
4545,-35.0,-238.0,14.0,0
4546,-19.0,-237.0,15.0,0
4547,-13.0,-243.0,20.0,0
4548,-6.0,-244.0,15.0,0
4549,-6.0,-243.0,22.0,0
4550,-3.0,-243.0,27.0,0
4551,3.0,-247.0,30.0,0
4552,0.0,-250.0,31.0,0
4553,4.0,-255.0,31.0,0
4554,1.0,-256.0,32.0,0
4555,0.0,-260.0,27.0,0
4556,-3.0,-263.0,23.0,0
4557,-4.0,-267.0,18.0,0
4558,-7.0,-265.0,27.0,0
4559,-11.0,-268.0,17.0,0
4560,-19.0,-263.0,16.0,0
4561,-20.0,-265.0,12.0,0
4562,-22.0,-260.0,15.0,0
4563,-24.0,-252.0,10.0,0
4564,-22.0,-254.0,12.0,0
4565,-27.0,-245.0,11.0,0
4566,-25.0,-246.0,8.0,0
4567,-25.0,-243.0,11.0,0
4568,-18.0,-246.0,6.0,0
4569,-18.0,-246.0,1.0,0
4570,-15.0,-249.0,12.0,0
4571,-13.0,-249.0,16.0,0
4572,-9.0,-253.0,13.0,0
4573,-9.0,-257.0,15.0,0
4574,-4.0,-260.0,21.0,0
4575,-3.0,-260.0,23.0,0
4576,0.0,-261.0,30.0,0
4577,3.0,-260.0,31.0,0
4578,5.0,-262.0,31.0,0
4579,2.0,-254.0,32.0,0
4580,1.0,-261.0,27.0,0
4581,3.0,-252.0,30.0,0
4582,5.0,-251.0,32.0,0
4583,3.0,-246.0,28.0,0
4584,7.0,-243.0,31.0,0
4585,13.0,-242.0,29.0,0
4586,18.0,-239.0,24.0,0
4587,19.0,-239.0,21.0,0
4588,21.0,-241.0,22.0,0
4589,17.0,-241.0,18.0,0
4590,12.0,-245.0,16.0,0
4591,9.0,-248.0,15.0,0
4592,8.0,-250.0,12.0,0
4593,8.0,-253.0,9.0,0
4594,13.0,-256.0,6.0,0
4595,19.0,-262.0,-1.0,0
4596,20.0,-268.0,2.0,0
4597,24.0,-270.0,-5.0,0
4598,25.0,-276.0,-5.0,0
4599,23.0,-273.0,-13.0,0
4600,20.0,-278.0,-23.0,0
4601,20.0,-283.0,-36.0,0
4602,10.0,-285.0,-47.0,0
4603,10.0,-281.0,-46.0,0
4604,12.0,-288.0,-45.0,0
4605,17.0,-294.0,-49.0,0
4606,24.0,-296.0,-48.0,0
4607,31.0,-296.0,-53.0,0
4608,40.0,-297.0,-50.0,0
4609,43.0,-294.0,-57.0,0
4610,44.0,-293.0,-56.0,0
4611,45.0,-288.0,-57.0,0
4612,49.0,-289.0,-49.0,0
4613,50.0,-290.0,-47.0,0
4614,46.0,-292.0,-45.0,0
4615,43.0,-302.0,-38.0,0
4616,39.0,-302.0,-30.0,0
4617,28.0,-309.0,-29.0,0
4618,15.0,-307.0,-27.0,0
4619,0.0,-309.0,-22.0,0
4620,-4.0,-306.0,-20.0,0
4621,-9.0,-308.0,-9.0,0
4622,-8.0,-312.0,-10.0,0
4623,-5.0,-309.0,-4.0,0
4624,-1.0,-310.0,-3.0,0
4625,8.0,-309.0,2.0,0
4626,17.0,-307.0,2.0,0
4627,19.0,-300.0,7.0,0
4628,24.0,-291.0,12.0,0
4629,30.0,-284.0,11.0,0
4630,35.0,-276.0,14.0,0
4631,36.0,-268.0,20.0,0
4632,38.0,-263.0,20.0,0
4633,41.0,-261.0,24.0,0
4634,43.0,-266.0,24.0,0
4635,41.0,-265.0,27.0,0
4636,42.0,-263.0,25.0,0
4637,42.0,-266.0,22.0,0
4638,38.0,-266.0,18.0,0
4639,39.0,-265.0,19.0,0
4640,43.0,-266.0,16.0,0
4641,36.0,-263.0,15.0,0
4642,35.0,-257.0,21.0,0
4643,28.0,-252.0,14.0,0
4644,20.0,-244.0,18.0,0
4645,20.0,-243.0,15.0,0
4646,16.0,-239.0,16.0,0
4647,11.0,-234.0,15.0,0
4648,11.0,-232.0,10.0,0
4649,9.0,-229.0,11.0,0
4650,3.0,-229.0,6.0,0
4651,3.0,-229.0,8.0,0
4652,-1.0,-229.0,12.0,0
4653,-1.0,-230.0,11.0,0
4654,-5.0,-229.0,18.0,0
4655,-1.0,-236.0,2.0,0
4656,-8.0,-235.0,12.0,0
4657,-7.0,-238.0,14.0,0
4658,-8.0,-239.0,14.0,0
4659,-8.0,-241.0,12.0,0
4660,-6.0,-245.0,12.0,0
4661,-5.0,-246.0,14.0,0
4662,2.0,-248.0,16.0,0
4663,4.0,-246.0,17.0,0
4664,7.0,-246.0,16.0,0
4665,11.0,-247.0,19.0,0
4666,15.0,-244.0,17.0,0
4667,15.0,-244.0,19.0,0
4668,18.0,-245.0,20.0,0
4669,20.0,-244.0,26.0,0
4670,19.0,-242.0,26.0,0
4671,24.0,-242.0,25.0,0
4672,22.0,-239.0,27.0,0
4673,19.0,-239.0,28.0,0
4674,20.0,-239.0,27.0,0
4675,18.0,-239.0,24.0,0
4676,14.0,-245.0,22.0,0
4677,17.0,-238.0,23.0,0
4678,16.0,-238.0,24.0,0
4679,15.0,-237.0,26.0,0
4680,17.0,-241.0,26.0,0
4681,17.0,-239.0,26.0,0
4682,18.0,-243.0,27.0,0
4683,21.0,-243.0,19.0,0
4684,19.0,-244.0,26.0,0
4685,19.0,-242.0,29.0,0
4686,26.0,-245.0,22.0,0
4687,25.0,-241.0,26.0,0
4688,22.0,-242.0,22.0,0
4689,25.0,-244.0,21.0,0
4690,24.0,-237.0,26.0,0
4691,23.0,-236.0,24.0,0
4692,23.0,-234.0,22.0,0
4693,23.0,-231.0,21.0,0
4694,25.0,-231.0,14.0,0
4695,27.0,-224.0,15.0,0
4696,28.0,-226.0,10.0,0
4697,27.0,-228.0,8.0,0
4698,29.0,-231.0,7.0,0
4699,27.0,-230.0,1.0,0
4700,27.0,-241.0,11.0,0
4701,22.0,-243.0,9.0,0
4702,19.0,-249.0,9.0,0
4703,21.0,-255.0,6.0,0
4704,16.0,-258.0,8.0,0
4705,18.0,-261.0,11.0,0
4706,17.0,-264.0,0.0,0
4707,18.0,-261.0,8.0,0
4708,21.0,-266.0,0.0,0
4709,19.0,-264.0,3.0,0
4710,21.0,-258.0,1.0,0
4711,24.0,-256.0,2.0,0
4712,25.0,-249.0,5.0,0
4713,21.0,-244.0,1.0,0
4714,24.0,-239.0,3.0,0
4715,25.0,-239.0,3.0,0
4716,25.0,-235.0,2.0,0
4717,22.0,-236.0,7.0,0
4718,20.0,-237.0,3.0,0
4719,18.0,-235.0,4.0,0
4720,13.0,-229.0,0.0,0
4721,12.0,-233.0,2.0,0
4722,8.0,-233.0,1.0,0
4723,7.0,-232.0,1.0,0
4724,6.0,-237.0,-4.0,0
4725,4.0,-234.0,2.0,0
4726,2.0,-238.0,2.0,0
4727,3.0,-241.0,3.0,0
4728,4.0,-244.0,6.0,0
4729,4.0,-245.0,4.0,0
4730,7.0,-246.0,10.0,0
4731,7.0,-250.0,4.0,0
4732,6.0,-250.0,5.0,0
4733,8.0,-256.0,9.0,0
4734,8.0,-257.0,7.0,0
4735,5.0,-259.0,7.0,0
4736,7.0,-263.0,-1.0,0
4737,5.0,-268.0,4.0,0
4738,4.0,-271.0,-1.0,0
4739,4.0,-269.0,-1.0,0
4740,1.0,-271.0,-1.0,0
4741,-1.0,-269.0,-7.0,0
4742,-11.0,-272.0,-7.0,0
4743,-9.0,-270.0,-15.0,0
4744,-10.0,-265.0,-13.0,0
4745,-10.0,-262.0,-12.0,0
4746,-10.0,-259.0,-17.0,0
4747,-9.0,-257.0,-15.0,0
4748,-9.0,-249.0,-13.0,0
4749,-9.0,-247.0,-12.0,0
4750,-6.0,-249.0,-2.0,0
4751,-7.0,-243.0,-7.0,0
4752,-9.0,-240.0,-5.0,0
4753,-14.0,-238.0,-9.0,0
4754,-5.0,-237.0,1.0,0
4755,-9.0,-231.0,2.0,0
4756,-6.0,-232.0,0.0,0
4757,-3.0,-234.0,1.0,0
4758,-3.0,-238.0,3.0,0
4759,-2.0,-240.0,-2.0,0
4760,2.0,-241.0,0.0,0
4761,-1.0,-240.0,0.0,0
4762,1.0,-241.0,-2.0,0
4763,-1.0,-243.0,-6.0,0
4764,4.0,-243.0,-9.0,0
4765,7.0,-245.0,-3.0,0
4766,7.0,-244.0,-2.0,0
4767,2.0,-241.0,-1.0,0
4768,1.0,-245.0,-3.0,0
4769,-1.0,-244.0,-3.0,0
4770,-3.0,-243.0,-2.0,0
4771,-3.0,-245.0,-8.0,0
4772,-3.0,-243.0,-6.0,0
4773,-6.0,-245.0,-4.0,0
4774,-5.0,-242.0,-7.0,0
4775,-9.0,-241.0,-11.0,0
4776,-12.0,-245.0,-12.0,0
4777,-12.0,-244.0,-10.0,0
4778,-18.0,-246.0,-12.0,0
4779,-18.0,-246.0,-9.0,0
4780,-17.0,-248.0,-14.0,0
4781,-20.0,-245.0,-17.0,0
4782,-21.0,-251.0,-22.0,0
4783,-17.0,-256.0,-21.0,0
4784,-18.0,-259.0,-19.0,0
4785,-17.0,-264.0,-25.0,0
4786,-15.0,-267.0,-22.0,0
4787,-12.0,-274.0,-22.0,0
4788,-13.0,-280.0,-24.0,0
4789,-9.0,-285.0,-24.0,0
4790,-15.0,-287.0,-27.0,0
4791,-10.0,-292.0,-30.0,0
4792,-17.0,-288.0,-33.0,0
4793,-17.0,-284.0,-34.0,0
4794,-19.0,-282.0,-35.0,0
4795,-24.0,-278.0,-34.0,0
4796,-20.0,-271.0,-27.0,0
4797,-27.0,-265.0,-31.0,0
4798,-27.0,-260.0,-32.0,0
4799,-24.0,-257.0,-29.0,0
4800,-28.0,-250.0,-25.0,0
4801,-27.0,-246.0,-21.0,0
4802,-23.0,-244.0,-24.0,0
4803,-18.0,-239.0,-21.0,0
4804,-20.0,-241.0,-15.0,0
4805,-19.0,-240.0,-16.0,0
4806,-12.0,-235.0,-13.0,0
4807,-18.0,-237.0,-19.0,0
4808,-9.0,-239.0,-13.0,0
4809,-8.0,-237.0,-11.0,0
4810,-6.0,-239.0,-9.0,0
4811,-2.0,-242.0,-12.0,0
4812,-6.0,-242.0,-9.0,0
4813,-8.0,-240.0,-7.0,0
4814,-9.0,-243.0,-8.0,0
4815,-7.0,-244.0,-12.0,0
4816,-7.0,-243.0,-12.0,0
4817,-6.0,-243.0,-13.0,0
4818,-13.0,-241.0,-11.0,0
4819,-9.0,-239.0,-15.0,0
4820,-5.0,-243.0,-15.0,0
4821,-4.0,-243.0,-19.0,0
4822,-7.0,-244.0,-16.0,0
4823,-7.0,-244.0,-18.0,0
4824,-4.0,-248.0,-17.0,0
4825,-1.0,-253.0,-17.0,0
4826,-3.0,-254.0,-20.0,0
4827,-3.0,-250.0,-17.0,0
4828,-4.0,-252.0,-19.0,0
4829,-5.0,-259.0,-23.0,0
4830,-9.0,-255.0,-23.0,0
4831,-6.0,-255.0,-25.0,0
4832,-8.0,-253.0,-26.0,0
4833,-7.0,-250.0,-21.0,0
4834,-3.0,-254.0,-24.0,0
4835,-4.0,-251.0,-23.0,0
4836,-3.0,-249.0,-23.0,0
4837,-4.0,-249.0,-21.0,0
4838,-6.0,-241.0,-12.0,0
4839,-3.0,-244.0,-13.0,0
4840,-2.0,-245.0,-11.0,0
4841,-1.0,-242.0,-7.0,0
4842,1.0,-243.0,-6.0,0
4843,3.0,-243.0,-2.0,0
4844,4.0,-244.0,-5.0,0
4845,4.0,-243.0,-2.0,0
4846,2.0,-244.0,-4.0,0
4847,2.0,-246.0,-6.0,0
4848,4.0,-243.0,-3.0,0
4849,1.0,-241.0,-10.0,0
4850,1.0,-242.0,-3.0,0
4851,3.0,-243.0,-3.0,0
4852,-1.0,-243.0,-5.0,0
4853,0.0,-243.0,-6.0,0
4854,2.0,-244.0,-1.0,0
4855,-4.0,-243.0,-3.0,0
4856,-5.0,-245.0,0.0,0
4857,-9.0,-243.0,-4.0,0
4858,-7.0,-244.0,-5.0,0
4859,-10.0,-242.0,-3.0,0
4860,-9.0,-244.0,-6.0,0
4861,-10.0,-246.0,-4.0,0
4862,-9.0,-245.0,-9.0,0
4863,-10.0,-246.0,-10.0,0
4864,-10.0,-248.0,-13.0,0
4865,-11.0,-248.0,-9.0,0
4866,-10.0,-249.0,-10.0,0
4867,-12.0,-247.0,-14.0,0
4868,-12.0,-245.0,-13.0,0
4869,-7.0,-250.0,-9.0,0
4870,-11.0,-247.0,-11.0,0
4871,-8.0,-250.0,-12.0,0
4872,-7.0,-249.0,-8.0,0
4873,-4.0,-251.0,-12.0,0
4874,-3.0,-235.0,-9.0,0
4875,-5.0,-249.0,-11.0,0
4876,-6.0,-248.0,-11.0,0
4877,-6.0,-252.0,-11.0,0
4878,-10.0,-249.0,-8.0,0
4879,-9.0,-252.0,-6.0,0
4880,-7.0,-250.0,-9.0,0
4881,-9.0,-252.0,-11.0,0
4882,-6.0,-251.0,-8.0,0
4883,-14.0,-254.0,-7.0,0
4884,-8.0,-249.0,-13.0,0
4885,-6.0,-250.0,-14.0,0
4886,-7.0,-251.0,-21.0,0
4887,-6.0,-250.0,-15.0,0
4888,-9.0,-248.0,-15.0,0
4889,-7.0,-248.0,-11.0,0
4890,-6.0,-247.0,-15.0,0
4891,-9.0,-249.0,-12.0,0
4892,-6.0,-250.0,-16.0,0
4893,-10.0,-245.0,-7.0,0
4894,-5.0,-244.0,-5.0,0
4895,-9.0,-248.0,-10.0,0
4896,-10.0,-245.0,-12.0,0
4897,-5.0,-246.0,-13.0,0
4898,-7.0,-249.0,-14.0,0
4899,-5.0,-248.0,-11.0,0
4900,-8.0,-249.0,-13.0,0
4901,-5.0,-250.0,-21.0,0
4902,-7.0,-250.0,-14.0,0
4903,-7.0,-250.0,-8.0,0
4904,-11.0,-248.0,-15.0,0
4905,-8.0,-244.0,-17.0,0
4906,-4.0,-253.0,-15.0,0
4907,-5.0,-253.0,-15.0,0
4908,-4.0,-250.0,-19.0,0
4909,-6.0,-249.0,-18.0,0
4910,-6.0,-250.0,-15.0,0
4911,-4.0,-251.0,-19.0,0
4912,-5.0,-253.0,-17.0,0
4913,-6.0,-255.0,-12.0,0
4914,-5.0,-252.0,-15.0,0
4915,-6.0,-252.0,-21.0,0
4916,-5.0,-253.0,-12.0,0
4917,-4.0,-251.0,-18.0,0
4918,-2.0,-253.0,-18.0,0
4919,-3.0,-252.0,-18.0,0
4920,-3.0,-251.0,-17.0,0
4921,0.0,-252.0,-17.0,0
4922,0.0,-250.0,-15.0,0
4923,-1.0,-250.0,-19.0,0
4924,-3.0,-253.0,-17.0,0
4925,2.0,-252.0,-17.0,0
4926,2.0,-256.0,-19.0,0
4927,-1.0,-252.0,-17.0,0
4928,-3.0,-255.0,-18.0,0
4929,-3.0,-254.0,-22.0,0
4930,-5.0,-251.0,-18.0,0
4931,-6.0,-250.0,-20.0,0
4932,-6.0,-253.0,-19.0,0
4933,-2.0,-251.0,-18.0,0
4934,-2.0,-248.0,-15.0,0
4935,1.0,-249.0,-12.0,0
4936,-2.0,-248.0,-11.0,0
4937,1.0,-249.0,-14.0,0
4938,3.0,-244.0,-19.0,0
4939,1.0,-244.0,-11.0,0
4940,0.0,-244.0,-17.0,0
4941,2.0,-247.0,-16.0,0
4942,2.0,-244.0,-13.0,0
4943,3.0,-245.0,-17.0,0
4944,2.0,-247.0,-19.0,0
4945,4.0,-251.0,-19.0,0
4946,3.0,-254.0,-16.0,0
4947,2.0,-251.0,-20.0,0
4948,1.0,-255.0,-25.0,0
4949,-3.0,-259.0,-15.0,0
4950,-2.0,-254.0,-15.0,0
4951,-4.0,-253.0,-16.0,0
4952,-7.0,-254.0,-18.0,0
4953,-9.0,-252.0,-20.0,0
4954,-7.0,-253.0,-23.0,0
4955,-10.0,-251.0,-23.0,0
4956,-6.0,-247.0,-15.0,0
4957,-4.0,-247.0,-14.0,0
4958,-7.0,-246.0,-18.0,0
4959,-7.0,-246.0,-18.0,0
4960,-6.0,-243.0,-11.0,0
4961,-8.0,-242.0,-14.0,0
4962,-8.0,-240.0,-12.0,0
4963,-6.0,-243.0,-9.0,0
4964,-10.0,-240.0,-6.0,0
4965,-6.0,-243.0,-9.0,0
4966,-14.0,-239.0,-7.0,0
4967,-11.0,-242.0,-11.0,0
4968,-9.0,-244.0,-12.0,0
4969,-12.0,-244.0,-12.0,0
4970,-12.0,-244.0,-8.0,0
4971,-15.0,-246.0,-12.0,0
4972,-14.0,-248.0,-12.0,0
4973,-13.0,-249.0,-8.0,0
4974,-14.0,-253.0,-12.0,0
4975,-12.0,-255.0,-10.0,0
4976,-12.0,-255.0,-11.0,0
4977,-13.0,-253.0,-8.0,0
4978,-8.0,-256.0,-11.0,0
4979,-8.0,-254.0,-12.0,0
4980,-6.0,-256.0,-16.0,0
4981,-8.0,-252.0,-20.0,0
4982,-2.0,-250.0,-17.0,0
4983,-1.0,-250.0,-18.0,0
4984,2.0,-250.0,-19.0,0
4985,4.0,-245.0,-20.0,0
4986,1.0,-244.0,-21.0,0
4987,0.0,-247.0,-15.0,0
4988,1.0,-246.0,-17.0,0
4989,-5.0,-246.0,-18.0,0
4990,2.0,-253.0,-16.0,0
4991,-1.0,-251.0,-15.0,0
4992,10.0,-251.0,-6.0,0
4993,2.0,-253.0,-13.0,0
4994,1.0,-250.0,-15.0,0
4995,0.0,-253.0,-14.0,0
4996,-1.0,-251.0,-11.0,0
4997,2.0,-252.0,-15.0,0
4998,0.0,-247.0,-14.0,0
4999,-2.0,-249.0,-14.0,0
