,accelerometer_x,accelerometer_y,accelerometer_z,fall
0,-2.0,-245.0,15.0,0
1,-1.0,-250.0,15.0,0
2,-5.0,-247.0,16.0,0
3,-2.0,-246.0,19.0,0
4,-2.0,-237.0,22.0,0
5,-16.0,-249.0,31.0,0
6,-3.0,-247.0,15.0,0
7,0.0,-246.0,17.0,0
8,1.0,-247.0,17.0,0
9,0.0,-249.0,15.0,0
10,0.0,-250.0,14.0,0
11,-1.0,-250.0,14.0,0
12,-3.0,-248.0,16.0,0
13,0.0,-246.0,18.0,0
14,-2.0,-245.0,24.0,0
15,0.0,-247.0,14.0,0
16,0.0,-251.0,17.0,0
17,0.0,-250.0,15.0,0
18,0.0,-248.0,18.0,0
19,1.0,-250.0,15.0,0
20,0.0,-250.0,15.0,0
21,1.0,-251.0,18.0,0
22,0.0,-250.0,17.0,0
23,1.0,-247.0,18.0,0
24,2.0,-248.0,14.0,0
25,0.0,-247.0,16.0,0
26,1.0,-247.0,18.0,0
27,0.0,-249.0,18.0,0
28,1.0,-246.0,15.0,0
29,0.0,-251.0,16.0,0
30,0.0,-246.0,14.0,0
31,0.0,-247.0,17.0,0
32,0.0,-247.0,19.0,0
33,-1.0,-250.0,18.0,0
34,-1.0,-248.0,21.0,0
35,0.0,-248.0,16.0,0
36,0.0,-251.0,19.0,0
37,-2.0,-248.0,15.0,0
38,0.0,-248.0,15.0,0
39,0.0,-248.0,17.0,0
40,-1.0,-250.0,18.0,0
41,-2.0,-248.0,22.0,0
42,-2.0,-249.0,11.0,0
43,0.0,-248.0,16.0,0
44,1.0,-248.0,21.0,0
45,0.0,-250.0,19.0,0
46,-2.0,-247.0,16.0,0
47,0.0,-247.0,19.0,0
48,1.0,-250.0,20.0,0
49,0.0,-249.0,20.0,0
50,1.0,-251.0,18.0,0
51,-3.0,-248.0,17.0,0
52,0.0,-252.0,13.0,0
53,0.0,-251.0,19.0,0
54,1.0,-251.0,14.0,0
55,0.0,-247.0,15.0,0
56,0.0,-247.0,16.0,0
57,2.0,-250.0,15.0,0
58,0.0,-248.0,16.0,0
59,0.0,-247.0,17.0,0
60,-2.0,-251.0,14.0,0
61,-1.0,-249.0,15.0,0
62,0.0,-250.0,17.0,0
63,0.0,-245.0,16.0,0
64,0.0,-247.0,16.0,0
65,-1.0,-246.0,18.0,0
66,1.0,-246.0,15.0,0
67,-1.0,-250.0,19.0,0
68,0.0,-247.0,19.0,0
69,-1.0,-246.0,16.0,0
70,1.0,-248.0,16.0,0
71,0.0,-247.0,16.0,0
72,-1.0,-247.0,18.0,0
73,2.0,-251.0,17.0,0
74,-1.0,-248.0,14.0,0
75,0.0,-248.0,16.0,0
76,0.0,-246.0,15.0,0
77,0.0,-247.0,16.0,0
78,0.0,-246.0,11.0,0
79,-2.0,-246.0,17.0,0
80,0.0,-248.0,15.0,0
81,1.0,-247.0,16.0,0
82,1.0,-249.0,13.0,0
83,0.0,-246.0,18.0,0
84,-1.0,-247.0,15.0,0
85,0.0,-250.0,16.0,0
86,0.0,-247.0,16.0,0
87,0.0,-246.0,14.0,0
88,0.0,-247.0,17.0,0
89,-1.0,-248.0,15.0,0
90,2.0,-250.0,13.0,0
91,1.0,-249.0,17.0,0
92,0.0,-247.0,14.0,0
93,-2.0,-248.0,18.0,0
94,0.0,-248.0,16.0,0
95,-1.0,-246.0,19.0,0
96,-1.0,-249.0,17.0,0
97,0.0,-247.0,17.0,0
98,0.0,-247.0,16.0,0
99,0.0,-249.0,12.0,0
100,7.0,-249.0,18.0,0
101,0.0,-248.0,16.0,0
102,1.0,-249.0,16.0,0
103,0.0,-248.0,21.0,0
104,2.0,-251.0,11.0,0
105,1.0,-248.0,15.0,0
106,0.0,-247.0,15.0,0
107,0.0,-246.0,19.0,0
108,0.0,-250.0,18.0,0
109,1.0,-248.0,17.0,0
110,-10.0,-258.0,14.0,0
111,1.0,-250.0,13.0,0
112,0.0,-248.0,20.0,0
113,0.0,-247.0,17.0,0
114,-1.0,-251.0,14.0,0
115,0.0,-250.0,16.0,0
116,0.0,-247.0,12.0,0
117,2.0,-249.0,16.0,0
118,-1.0,-247.0,15.0,0
119,0.0,-249.0,18.0,0
120,1.0,-249.0,17.0,0
121,0.0,-245.0,13.0,0
122,1.0,-250.0,17.0,0
123,2.0,-249.0,15.0,0
124,0.0,-248.0,20.0,0
125,1.0,-249.0,18.0,0
126,0.0,-249.0,19.0,0
127,3.0,-250.0,16.0,0
128,1.0,-247.0,16.0,0
129,-2.0,-247.0,17.0,0
130,0.0,-249.0,20.0,0
131,0.0,-250.0,19.0,0
132,1.0,-245.0,17.0,0
133,1.0,-254.0,20.0,0
134,2.0,-249.0,16.0,0
135,0.0,-249.0,15.0,0
136,0.0,-247.0,13.0,0
137,1.0,-245.0,19.0,0
138,0.0,-246.0,16.0,0
139,1.0,-249.0,20.0,0
140,0.0,-246.0,21.0,0
141,1.0,-244.0,18.0,0
142,2.0,-247.0,15.0,0
143,1.0,-249.0,18.0,0
144,1.0,-246.0,14.0,0
145,1.0,-248.0,16.0,0
146,1.0,-248.0,13.0,0
147,0.0,-245.0,17.0,0
148,1.0,-248.0,16.0,0
149,-4.0,-244.0,21.0,0
150,0.0,-246.0,14.0,0
151,-1.0,-249.0,19.0,0
152,0.0,-247.0,20.0,0
153,1.0,-248.0,19.0,0
154,-1.0,-252.0,14.0,0
155,1.0,-249.0,17.0,0
156,-1.0,-251.0,18.0,0
157,1.0,-247.0,20.0,0
158,1.0,-248.0,18.0,0
159,0.0,-247.0,16.0,0
160,1.0,-248.0,18.0,0
161,0.0,-247.0,17.0,0
162,0.0,-247.0,18.0,0
163,1.0,-249.0,17.0,0
164,1.0,-246.0,17.0,0
165,1.0,-245.0,16.0,0
166,0.0,-246.0,17.0,0
167,1.0,-246.0,15.0,0
168,1.0,-247.0,17.0,0
169,1.0,-246.0,18.0,0
170,1.0,-247.0,17.0,0
171,1.0,-247.0,21.0,0
172,1.0,-245.0,19.0,0
173,0.0,-247.0,20.0,0
174,2.0,-247.0,19.0,0
175,1.0,-249.0,15.0,0
176,0.0,-249.0,17.0,0
177,2.0,-249.0,16.0,0
178,1.0,-248.0,16.0,0
179,1.0,-249.0,17.0,0
180,-1.0,-247.0,21.0,0
181,0.0,-248.0,21.0,0
182,1.0,-249.0,17.0,0
183,0.0,-245.0,18.0,0
184,1.0,-249.0,18.0,0
185,18.0,-242.0,14.0,0
186,2.0,-246.0,20.0,0
187,0.0,-249.0,21.0,0
188,1.0,-249.0,18.0,0
189,0.0,-247.0,20.0,0
190,3.0,-246.0,17.0,0
191,1.0,-247.0,20.0,0
192,-1.0,-245.0,20.0,0
193,-3.0,-243.0,16.0,0
194,0.0,-250.0,20.0,0
195,0.0,-247.0,17.0,0
196,3.0,-249.0,21.0,0
197,1.0,-246.0,21.0,0
198,0.0,-246.0,17.0,0
199,1.0,-244.0,22.0,0
200,-2.0,-246.0,18.0,0
201,0.0,-249.0,17.0,0
202,1.0,-247.0,14.0,0
203,1.0,-249.0,20.0,0
204,2.0,-251.0,18.0,0
205,0.0,-250.0,22.0,0
206,0.0,-249.0,18.0,0
207,1.0,-248.0,19.0,0
208,0.0,-247.0,20.0,0
209,-1.0,-250.0,22.0,0
210,2.0,-250.0,19.0,0
211,1.0,-249.0,15.0,0
212,0.0,-247.0,23.0,0
213,1.0,-246.0,22.0,0
214,-1.0,-243.0,19.0,0
215,0.0,-246.0,16.0,0
216,2.0,-247.0,17.0,0
217,0.0,-243.0,18.0,0
218,1.0,-243.0,19.0,0
219,1.0,-249.0,17.0,0
220,0.0,-244.0,15.0,0
221,2.0,-249.0,17.0,0
222,-2.0,-248.0,21.0,0
223,2.0,-249.0,19.0,0
224,0.0,-247.0,21.0,0
225,0.0,-246.0,20.0,0
226,2.0,-249.0,19.0,0
227,0.0,-249.0,18.0,0
228,0.0,-247.0,21.0,0
229,0.0,-249.0,20.0,0
230,2.0,-248.0,18.0,0
231,0.0,-247.0,19.0,0
232,1.0,-250.0,19.0,0
233,0.0,-248.0,26.0,0
234,1.0,-248.0,21.0,0
235,3.0,-248.0,23.0,0
236,1.0,-250.0,19.0,0
237,1.0,-247.0,21.0,0
238,1.0,-248.0,22.0,0
239,2.0,-249.0,22.0,0
240,1.0,-246.0,21.0,0
241,0.0,-249.0,19.0,0
242,0.0,-248.0,20.0,0
243,0.0,-247.0,18.0,0
244,2.0,-245.0,18.0,0
245,1.0,-246.0,20.0,0
246,0.0,-246.0,23.0,0
247,0.0,-249.0,20.0,0
248,0.0,-249.0,21.0,0
249,2.0,-251.0,16.0,0
250,1.0,-248.0,22.0,0
251,2.0,-250.0,21.0,0
252,2.0,-250.0,19.0,0
253,1.0,-245.0,22.0,0
254,5.0,-251.0,19.0,0
255,2.0,-248.0,20.0,0
256,1.0,-245.0,18.0,0
257,1.0,-248.0,21.0,0
258,0.0,-246.0,18.0,0
259,0.0,-248.0,21.0,0
260,5.0,-242.0,15.0,0
261,0.0,-244.0,21.0,0
262,1.0,-246.0,20.0,0
263,2.0,-248.0,19.0,0
264,0.0,-245.0,21.0,0
265,2.0,-247.0,19.0,0
266,3.0,-246.0,20.0,0
267,-2.0,-247.0,22.0,0
268,0.0,-248.0,21.0,0
269,0.0,-249.0,20.0,0
270,4.0,-244.0,14.0,0
271,0.0,-245.0,18.0,0
272,1.0,-246.0,17.0,0
273,0.0,-245.0,18.0,0
274,2.0,-248.0,21.0,0
275,2.0,-247.0,19.0,0
276,0.0,-247.0,23.0,0
277,0.0,-248.0,19.0,0
278,1.0,-245.0,21.0,0
279,1.0,-247.0,20.0,0
280,1.0,-246.0,19.0,0
281,0.0,-247.0,17.0,0
282,0.0,-249.0,20.0,0
283,1.0,-248.0,22.0,0
284,2.0,-248.0,18.0,0
285,0.0,-251.0,18.0,0
286,0.0,-246.0,19.0,0
287,0.0,-249.0,23.0,0
288,0.0,-247.0,18.0,0
289,0.0,-247.0,17.0,0
290,1.0,-248.0,24.0,0
291,0.0,-249.0,22.0,0
292,0.0,-249.0,16.0,0
293,1.0,-246.0,16.0,0
294,1.0,-249.0,20.0,0
295,1.0,-244.0,22.0,0
296,2.0,-250.0,24.0,0
297,0.0,-249.0,19.0,0
298,2.0,-248.0,22.0,0
299,1.0,-246.0,21.0,0
300,1.0,-248.0,19.0,0
301,2.0,-249.0,23.0,0
302,0.0,-247.0,22.0,0
303,0.0,-249.0,20.0,0
304,1.0,-249.0,20.0,0
305,0.0,-249.0,21.0,0
306,0.0,-245.0,22.0,0
307,-1.0,-247.0,20.0,0
308,1.0,-248.0,17.0,0
309,0.0,-247.0,20.0,0
310,-2.0,-245.0,22.0,0
311,0.0,-247.0,21.0,0
312,0.0,-247.0,23.0,0
313,0.0,-249.0,23.0,0
314,0.0,-247.0,20.0,0
315,1.0,-250.0,18.0,0
316,1.0,-246.0,21.0,0
317,1.0,-250.0,22.0,0
318,3.0,-250.0,21.0,0
319,2.0,-248.0,22.0,0
320,5.0,-248.0,22.0,0
321,2.0,-245.0,26.0,0
322,1.0,-246.0,23.0,0
323,1.0,-246.0,25.0,0
324,-1.0,-246.0,22.0,0
325,0.0,-242.0,22.0,0
326,2.0,-247.0,20.0,0
327,4.0,-251.0,21.0,0
328,2.0,-248.0,17.0,0
329,3.0,-251.0,23.0,0
330,1.0,-248.0,23.0,0
331,0.0,-244.0,24.0,0
332,0.0,-249.0,25.0,0
333,1.0,-248.0,22.0,0
334,1.0,-245.0,18.0,0
335,1.0,-249.0,21.0,0
336,4.0,-250.0,23.0,0
337,1.0,-248.0,25.0,0
338,0.0,-249.0,21.0,0
339,1.0,-247.0,21.0,0
340,1.0,-246.0,20.0,0
341,3.0,-248.0,26.0,0
342,0.0,-249.0,23.0,0
343,2.0,-247.0,25.0,0
344,1.0,-249.0,22.0,0
345,5.0,-249.0,23.0,0
346,0.0,-244.0,20.0,0
347,1.0,-246.0,22.0,0
348,0.0,-248.0,20.0,0
349,0.0,-246.0,20.0,0
350,0.0,-248.0,18.0,0
351,-2.0,-247.0,17.0,0
352,1.0,-249.0,19.0,0
353,-1.0,-252.0,17.0,0
354,1.0,-252.0,17.0,0
355,-2.0,-254.0,17.0,0
356,0.0,-250.0,20.0,0
357,-6.0,-249.0,17.0,0
358,-4.0,-250.0,19.0,0
359,-7.0,-250.0,21.0,0
360,-7.0,-248.0,23.0,0
361,-4.0,-248.0,22.0,0
362,-5.0,-250.0,25.0,0
363,-10.0,-242.0,20.0,0
364,-8.0,-246.0,23.0,0
365,-4.0,-247.0,18.0,0
366,-5.0,-247.0,20.0,0
367,-10.0,-243.0,21.0,0
368,-9.0,-242.0,24.0,0
369,-8.0,-246.0,18.0,0
370,-11.0,-240.0,23.0,0
371,-5.0,-241.0,22.0,0
372,-23.0,-240.0,20.0,0
373,-5.0,-246.0,22.0,0
374,-2.0,-243.0,22.0,0
375,-7.0,-244.0,21.0,0
376,-10.0,-244.0,23.0,0
377,-10.0,-246.0,22.0,0
378,-10.0,-244.0,24.0,0
379,-11.0,-249.0,22.0,0
380,-14.0,-248.0,22.0,0
381,-14.0,-244.0,23.0,0
382,-13.0,-247.0,25.0,0
383,-13.0,-247.0,20.0,0
384,-12.0,-247.0,22.0,0
385,-14.0,-247.0,22.0,0
386,-16.0,-248.0,24.0,0
387,-30.0,-244.0,23.0,0
388,-11.0,-243.0,18.0,0
389,-21.0,-248.0,30.0,0
390,-23.0,-243.0,21.0,0
391,-18.0,-245.0,29.0,0
392,-23.0,-245.0,30.0,0
393,-20.0,-243.0,25.0,0
394,-24.0,-249.0,27.0,0
395,-24.0,-246.0,31.0,0
396,-25.0,-250.0,33.0,0
397,-25.0,-247.0,34.0,0
398,-26.0,-251.0,31.0,0
399,-21.0,-253.0,34.0,0
400,-23.0,-243.0,33.0,0
401,-22.0,-240.0,30.0,0
402,-23.0,-242.0,35.0,0
403,-26.0,-253.0,39.0,0
404,-31.0,-243.0,34.0,0
405,-23.0,-248.0,35.0,0
406,-29.0,-248.0,34.0,0
407,-26.0,-242.0,34.0,0
408,-23.0,-244.0,33.0,0
409,-20.0,-242.0,37.0,0
410,-26.0,-243.0,34.0,0
411,-32.0,-248.0,34.0,0
412,-24.0,-243.0,35.0,0
413,-27.0,-244.0,35.0,0
414,-24.0,-244.0,36.0,0
415,-25.0,-241.0,38.0,0
416,-28.0,-239.0,33.0,0
417,-31.0,-244.0,32.0,0
418,-29.0,-243.0,36.0,0
419,-32.0,-245.0,28.0,0
420,-29.0,-250.0,38.0,0
421,-29.0,-243.0,32.0,0
422,-34.0,-240.0,34.0,0
423,-31.0,-242.0,37.0,0
424,-33.0,-246.0,35.0,0
425,-35.0,-240.0,34.0,0
426,-36.0,-239.0,32.0,0
427,-39.0,-243.0,34.0,0
428,-39.0,-244.0,35.0,0
429,-34.0,-242.0,34.0,0
430,-41.0,-248.0,38.0,0
431,-41.0,-243.0,37.0,0
432,-41.0,-248.0,37.0,0
433,-39.0,-242.0,38.0,0
434,-45.0,-243.0,35.0,0
435,-46.0,-237.0,36.0,0
436,-42.0,-240.0,35.0,0
437,-50.0,-244.0,43.0,0
438,-51.0,-241.0,40.0,0
439,-58.0,-249.0,44.0,0
440,-50.0,-226.0,36.0,0
441,-52.0,-242.0,36.0,0
442,-59.0,-238.0,36.0,0
443,-53.0,-242.0,34.0,0
444,-59.0,-243.0,44.0,0
445,-52.0,-237.0,35.0,0
446,-58.0,-240.0,42.0,0
447,-62.0,-242.0,41.0,0
448,-62.0,-241.0,40.0,0
449,-66.0,-241.0,43.0,0
450,-59.0,-238.0,43.0,0
451,-64.0,-236.0,44.0,0
452,-67.0,-241.0,44.0,0
453,-66.0,-237.0,48.0,0
454,-71.0,-243.0,52.0,0
455,-68.0,-240.0,49.0,0
456,-68.0,-239.0,44.0,0
457,-71.0,-240.0,49.0,0
458,-69.0,-235.0,49.0,0
459,-78.0,-236.0,45.0,0
460,-72.0,-233.0,48.0,0
461,-74.0,-236.0,52.0,0
462,-82.0,-233.0,50.0,0
463,-75.0,-232.0,49.0,0
464,-84.0,-230.0,47.0,0
465,-79.0,-231.0,50.0,0
466,-84.0,-231.0,53.0,0
467,-84.0,-233.0,54.0,0
468,-85.0,-232.0,53.0,0
469,-83.0,-232.0,53.0,0
470,-85.0,-228.0,50.0,0
471,-85.0,-232.0,55.0,0
472,-83.0,-231.0,50.0,0
473,-83.0,-229.0,55.0,0
474,-90.0,-230.0,53.0,0
475,-85.0,-232.0,53.0,0
476,-94.0,-232.0,52.0,0
477,-99.0,-227.0,47.0,0
478,-99.0,-228.0,49.0,0
479,-98.0,-222.0,53.0,0
480,-97.0,-215.0,50.0,0
481,-104.0,-216.0,49.0,0
482,-108.0,-217.0,49.0,0
483,-109.0,-214.0,51.0,0
484,-99.0,-210.0,48.0,0
485,-110.0,-199.0,47.0,0
486,-106.0,-210.0,48.0,0
487,-112.0,-210.0,55.0,0
488,-110.0,-210.0,55.0,0
489,-111.0,-209.0,55.0,0
490,-110.0,-211.0,51.0,0
491,-109.0,-209.0,56.0,0
492,-105.0,-211.0,51.0,0
493,-115.0,-209.0,50.0,0
494,-115.0,-211.0,54.0,0
495,-119.0,-211.0,56.0,0
496,-120.0,-206.0,52.0,0
497,-127.0,-209.0,53.0,0
498,-122.0,-211.0,50.0,0
499,-128.0,-204.0,50.0,0
500,-129.0,-201.0,52.0,0
501,-129.0,-200.0,54.0,0
502,-135.0,-197.0,55.0,0
503,-138.0,-188.0,58.0,0
504,-134.0,-189.0,55.0,0
505,-142.0,-184.0,55.0,0
506,-139.0,-183.0,53.0,0
507,-137.0,-181.0,55.0,0
508,-136.0,-180.0,56.0,0
509,-137.0,-184.0,54.0,0
510,-152.0,-185.0,58.0,0
511,-144.0,-183.0,63.0,0
512,-139.0,-189.0,53.0,0
513,-137.0,-185.0,55.0,0
514,-144.0,-184.0,56.0,0
515,-142.0,-189.0,55.0,0
516,-145.0,-188.0,55.0,0
517,-139.0,-187.0,55.0,0
518,-146.0,-189.0,56.0,0
519,-149.0,-188.0,58.0,0
520,-149.0,-184.0,58.0,0
521,-151.0,-184.0,59.0,0
522,-157.0,-188.0,60.0,0
523,-156.0,-187.0,61.0,0
524,-150.0,-183.0,61.0,0
525,-165.0,-173.0,60.0,0
526,-159.0,-170.0,55.0,0
527,-150.0,-173.0,57.0,0
528,-163.0,-172.0,57.0,0
529,-166.0,-170.0,55.0,0
530,-166.0,-177.0,51.0,0
531,-165.0,-177.0,52.0,0
532,-162.0,-179.0,55.0,0
533,-172.0,-178.0,48.0,0
534,-175.0,-172.0,47.0,0
535,-170.0,-165.0,50.0,0
536,-176.0,-165.0,48.0,0
537,-177.0,-165.0,46.0,0
538,-186.0,-164.0,46.0,0
539,-181.0,-155.0,47.0,0
540,-189.0,-158.0,52.0,0
541,-181.0,-157.0,58.0,0
542,-181.0,-155.0,57.0,0
543,-185.0,-153.0,60.0,0
544,-191.0,-151.0,59.0,0
545,-183.0,-149.0,57.0,0
546,-189.0,-152.0,57.0,0
547,-191.0,-151.0,58.0,0
548,-190.0,-152.0,52.0,0
549,-192.0,-153.0,52.0,0
550,-192.0,-148.0,52.0,0
551,-195.0,-149.0,48.0,0
552,-192.0,-153.0,49.0,0
553,-199.0,-154.0,45.0,0
554,-199.0,-157.0,48.0,0
555,-203.0,-160.0,57.0,0
556,-204.0,-159.0,55.0,0
557,-209.0,-155.0,52.0,0
558,-208.0,-156.0,57.0,0
559,-206.0,-156.0,60.0,0
560,-208.0,-158.0,49.0,0
561,-207.0,-156.0,54.0,0
562,-204.0,-157.0,51.0,0
563,-206.0,-158.0,45.0,0
564,-204.0,-158.0,41.0,0
565,-199.0,-158.0,40.0,0
566,-198.0,-154.0,44.0,0
567,-197.0,-155.0,41.0,0
568,-192.0,-155.0,40.0,0
569,-193.0,-148.0,41.0,0
570,-191.0,-146.0,42.0,0
571,-189.0,-144.0,46.0,0
572,-189.0,-145.0,44.0,0
573,-189.0,-146.0,47.0,0
574,-189.0,-143.0,44.0,0
575,-191.0,-143.0,45.0,0
576,-192.0,-147.0,45.0,0
577,-197.0,-141.0,41.0,0
578,-196.0,-144.0,48.0,0
579,-197.0,-143.0,41.0,0
580,-205.0,-139.0,46.0,0
581,-205.0,-142.0,47.0,0
582,-208.0,-140.0,45.0,0
583,-206.0,-138.0,45.0,0
584,-208.0,-134.0,42.0,0
585,-206.0,-135.0,44.0,0
586,-208.0,-131.0,43.0,0
587,-207.0,-128.0,35.0,0
588,-205.0,-129.0,39.0,0
589,-203.0,-128.0,41.0,0
590,-203.0,-128.0,37.0,0
591,-210.0,-124.0,43.0,0
592,-212.0,-123.0,41.0,0
593,-210.0,-123.0,39.0,0
594,-209.0,-124.0,37.0,0
595,-211.0,-124.0,38.0,0
596,-209.0,-120.0,39.0,0
597,-207.0,-117.0,38.0,0
598,-206.0,-118.0,38.0,0
599,-206.0,-117.0,37.0,0
600,-209.0,-117.0,37.0,0
601,-212.0,-111.0,39.0,0
602,-209.0,-114.0,33.0,0
603,-213.0,-112.0,38.0,0
604,-211.0,-111.0,33.0,0
605,-214.0,-113.0,38.0,0
606,-216.0,-111.0,34.0,0
607,-218.0,-111.0,37.0,0
608,-220.0,-114.0,37.0,0
609,-221.0,-116.0,38.0,0
610,-221.0,-115.0,34.0,0
611,-224.0,-111.0,40.0,0
612,-223.0,-116.0,35.0,0
613,-229.0,-110.0,31.0,0
614,-227.0,-107.0,28.0,0
615,-229.0,-103.0,26.0,0
616,-231.0,-101.0,30.0,0
617,-228.0,-99.0,32.0,0
618,-229.0,-98.0,33.0,0
619,-222.0,-98.0,35.0,0
620,-226.0,-89.0,29.0,0
621,-229.0,-94.0,35.0,0
622,-227.0,-97.0,32.0,0
623,-226.0,-92.0,31.0,0
624,-224.0,-95.0,33.0,0
625,-223.0,-94.0,34.0,0
626,-221.0,-95.0,33.0,0
627,-224.0,-97.0,34.0,0
628,-222.0,-99.0,38.0,0
629,-221.0,-94.0,35.0,0
630,-224.0,-93.0,36.0,0
631,-226.0,-91.0,36.0,0
632,-226.0,-89.0,38.0,0
633,-227.0,-89.0,38.0,0
634,-230.0,-86.0,38.0,0
635,-229.0,-84.0,41.0,0
636,-234.0,-80.0,35.0,0
637,-238.0,-83.0,42.0,0
638,-240.0,-81.0,35.0,0
639,-242.0,-79.0,37.0,0
640,-245.0,-83.0,34.0,0
641,-243.0,-83.0,35.0,0
642,-248.0,-84.0,29.0,0
643,-247.0,-84.0,34.0,0
644,-250.0,-79.0,26.0,0
645,-250.0,-78.0,30.0,0
646,-253.0,-74.0,28.0,0
647,-251.0,-76.0,29.0,0
648,-253.0,-71.0,25.0,0
649,-252.0,-67.0,27.0,0
650,-252.0,-65.0,29.0,0
651,-252.0,-65.0,28.0,0
652,-255.0,-65.0,29.0,0
653,-257.0,-64.0,30.0,0
654,-257.0,-63.0,29.0,0
655,-257.0,-62.0,30.0,0
656,-254.0,-66.0,32.0,0
657,-256.0,-64.0,28.0,0
658,-254.0,-62.0,29.0,0
659,-253.0,-61.0,26.0,0
660,-254.0,-55.0,28.0,0
661,-255.0,-55.0,25.0,0
662,-251.0,-57.0,31.0,0
663,-251.0,-53.0,32.0,0
664,-252.0,-51.0,35.0,0
665,-251.0,-52.0,37.0,0
666,-250.0,-51.0,32.0,0
667,-246.0,-52.0,33.0,0
668,-247.0,-50.0,36.0,0
669,-239.0,-47.0,38.0,0
670,-237.0,-36.0,34.0,0
671,-236.0,-44.0,37.0,0
672,-240.0,-43.0,38.0,0
673,-239.0,-41.0,39.0,0
674,-238.0,-42.0,42.0,0
675,-237.0,-38.0,40.0,0
676,-239.0,-43.0,42.0,0
677,-237.0,-38.0,45.0,0
678,-242.0,-40.0,43.0,0
679,-239.0,-41.0,44.0,0
680,-240.0,-30.0,40.0,0
681,-241.0,-36.0,43.0,0
682,-243.0,-33.0,41.0,0
683,-244.0,-34.0,39.0,0
684,-243.0,-25.0,37.0,0
685,-250.0,-22.0,36.0,0
686,-248.0,-22.0,42.0,0
687,-252.0,-21.0,46.0,0
688,-251.0,-23.0,51.0,0
689,-256.0,-20.0,52.0,0
690,-254.0,-18.0,50.0,0
691,-255.0,-18.0,57.0,0
692,-258.0,-13.0,56.0,0
693,-259.0,-13.0,57.0,0
694,-258.0,-8.0,58.0,0
695,-261.0,-9.0,59.0,0
696,-258.0,-9.0,60.0,0
697,-262.0,-7.0,55.0,0
698,-262.0,-6.0,56.0,0
699,-263.0,-7.0,62.0,0
700,-267.0,-2.0,56.0,0
701,-261.0,-1.0,59.0,0
702,-261.0,0.0,60.0,0
703,-264.0,2.0,65.0,0
704,-267.0,6.0,63.0,0
705,-272.0,7.0,59.0,0
706,-272.0,3.0,64.0,0
707,-275.0,4.0,60.0,0
708,-280.0,4.0,56.0,0
709,-282.0,3.0,56.0,0
710,-279.0,3.0,56.0,0
711,-280.0,4.0,56.0,0
712,-277.0,2.0,58.0,0
713,-277.0,6.0,54.0,0
714,-272.0,5.0,60.0,0
715,-267.0,5.0,65.0,0
716,-263.0,5.0,64.0,0
717,-260.0,6.0,68.0,0
718,-256.0,4.0,70.0,0
719,-254.0,3.0,72.0,0
720,-251.0,4.0,75.0,0
721,-245.0,3.0,77.0,0
722,-246.0,8.0,74.0,0
723,-240.0,6.0,79.0,0
724,-237.0,9.0,79.0,0
725,-234.0,15.0,80.0,0
726,-233.0,13.0,82.0,0
727,-221.0,15.0,85.0,0
728,-217.0,20.0,86.0,0
729,-212.0,19.0,90.0,0
730,-213.0,25.0,93.0,0
731,-210.0,18.0,90.0,0
732,-207.0,22.0,90.0,0
733,-204.0,16.0,92.0,0
734,-210.0,17.0,95.0,0
735,-211.0,15.0,92.0,0
736,-210.0,17.0,97.0,0
737,-214.0,18.0,95.0,0
738,-217.0,15.0,99.0,0
739,-221.0,18.0,99.0,0
740,-223.0,21.0,101.0,0
741,-223.0,18.0,105.0,0
742,-225.0,19.0,106.0,0
743,-226.0,22.0,111.0,0
744,-228.0,21.0,110.0,0
745,-232.0,16.0,114.0,0
746,-234.0,18.0,112.0,0
747,-236.0,14.0,110.0,0
748,-242.0,16.0,107.0,0
749,-242.0,12.0,103.0,0
750,-241.0,10.0,100.0,0
751,-241.0,15.0,98.0,0
752,-235.0,10.0,91.0,0
753,-234.0,11.0,88.0,0
754,-237.0,11.0,90.0,0
755,-240.0,12.0,89.0,0
756,-237.0,12.0,90.0,0
757,-236.0,10.0,87.0,0
758,-236.0,15.0,84.0,0
759,-235.0,16.0,89.0,0
760,-227.0,16.0,89.0,0
761,-231.0,19.0,87.0,0
762,-227.0,14.0,91.0,0
763,-227.0,13.0,94.0,0
764,-230.0,11.0,95.0,0
765,-232.0,14.0,93.0,0
766,-237.0,15.0,94.0,0
767,-226.0,18.0,89.0,0
768,-236.0,18.0,89.0,0
769,-234.0,16.0,90.0,0
770,-237.0,17.0,85.0,0
771,-238.0,14.0,86.0,0
772,-245.0,17.0,90.0,0
773,-239.0,12.0,88.0,0
774,-244.0,7.0,92.0,0
775,-244.0,4.0,85.0,0
776,-240.0,1.0,88.0,0
777,-241.0,1.0,83.0,0
778,-244.0,1.0,83.0,0
779,-244.0,-1.0,88.0,0
780,-238.0,-2.0,81.0,0
781,-236.0,-1.0,82.0,0
782,-238.0,-3.0,79.0,0
783,-238.0,0.0,79.0,0
784,-237.0,-3.0,78.0,0
785,-242.0,-3.0,82.0,0
786,-237.0,-7.0,81.0,0
787,-236.0,-6.0,81.0,0
788,-237.0,-5.0,86.0,0
789,-237.0,0.0,83.0,0
790,-237.0,-1.0,87.0,0
791,-246.0,-6.0,83.0,0
792,-245.0,-2.0,86.0,0
793,-237.0,-9.0,84.0,0
794,-245.0,-8.0,81.0,0
795,-248.0,-6.0,77.0,0
796,-256.0,-4.0,77.0,0
797,-248.0,-12.0,76.0,0
798,-244.0,-9.0,71.0,0
799,-254.0,-10.0,72.0,0
800,-250.0,-8.0,67.0,0
801,-245.0,-11.0,67.0,0
802,-250.0,-10.0,64.0,0
803,-256.0,-9.0,69.0,0
804,-245.0,-9.0,65.0,0
805,-242.0,-8.0,67.0,0
806,-240.0,-6.0,67.0,0
807,-244.0,-3.0,67.0,0
808,-246.0,-2.0,68.0,0
809,-266.0,1.0,69.0,0
810,-256.0,1.0,84.0,0
811,-252.0,-1.0,72.0,0
812,-243.0,-1.0,70.0,0
813,-239.0,-3.0,68.0,0
814,-235.0,-3.0,67.0,0
815,-244.0,-1.0,68.0,0
816,-238.0,-4.0,73.0,0
817,-238.0,-3.0,74.0,0
818,-253.0,0.0,82.0,0
819,-245.0,0.0,77.0,0
820,-230.0,-4.0,86.0,0
821,-225.0,-7.0,74.0,0
822,-219.0,-9.0,72.0,0
823,-224.0,-6.0,68.0,0
824,-233.0,-6.0,71.0,0
825,-238.0,2.0,67.0,0
826,-242.0,1.0,69.0,0
827,-244.0,0.0,70.0,0
828,-248.0,0.0,72.0,0
829,-247.0,2.0,76.0,0
830,-242.0,3.0,70.0,0
831,-239.0,-1.0,71.0,0
832,-238.0,1.0,70.0,0
833,-243.0,-1.0,72.0,0
834,-242.0,-1.0,69.0,0
835,-251.0,0.0,73.0,0
836,-251.0,-1.0,72.0,0
837,-255.0,-2.0,77.0,0
838,-254.0,-2.0,74.0,0
839,-252.0,-2.0,77.0,0
840,-252.0,0.0,72.0,0
841,-249.0,-2.0,72.0,0
842,-254.0,0.0,75.0,0
843,-255.0,2.0,73.0,0
844,-256.0,1.0,73.0,0
845,-259.0,7.0,81.0,0
846,-257.0,2.0,79.0,0
847,-255.0,2.0,74.0,0
848,-257.0,1.0,71.0,0
849,-254.0,2.0,72.0,0
850,-254.0,-3.0,70.0,0
851,-252.0,0.0,66.0,0
852,-254.0,1.0,66.0,0
853,-252.0,1.0,65.0,0
854,-255.0,2.0,67.0,0
855,-249.0,4.0,64.0,0
856,-247.0,1.0,62.0,0
857,-247.0,2.0,60.0,0
858,-241.0,0.0,60.0,0
859,-238.0,2.0,56.0,0
860,-234.0,5.0,54.0,0
861,-235.0,3.0,54.0,0
862,-232.0,3.0,55.0,0
863,-228.0,1.0,56.0,0
864,-227.0,2.0,51.0,0
865,-228.0,0.0,55.0,0
866,-227.0,2.0,55.0,0
867,-232.0,1.0,53.0,0
868,-233.0,2.0,52.0,0
869,-238.0,3.0,54.0,0
870,-239.0,1.0,56.0,0
871,-239.0,2.0,56.0,0
872,-239.0,1.0,58.0,0
873,-241.0,1.0,54.0,0
874,-241.0,-2.0,56.0,0
875,-243.0,0.0,55.0,0
876,-247.0,-1.0,57.0,0
877,-245.0,2.0,59.0,0
878,-249.0,-1.0,58.0,0
879,-250.0,0.0,63.0,0
880,-251.0,3.0,59.0,0
881,-252.0,-2.0,62.0,0
882,-254.0,-5.0,59.0,0
883,-256.0,-9.0,59.0,0
884,-256.0,-11.0,54.0,0
885,-256.0,-13.0,57.0,0
886,-256.0,-14.0,57.0,0
887,-254.0,-15.0,58.0,0
888,-256.0,-14.0,52.0,0
889,-255.0,-14.0,53.0,0
890,-256.0,-13.0,56.0,0
891,-257.0,-13.0,53.0,0
892,-254.0,-12.0,55.0,0
893,-258.0,-11.0,53.0,0
894,-255.0,-14.0,52.0,0
895,-254.0,-17.0,53.0,0
896,-256.0,-13.0,51.0,0
897,-256.0,-10.0,53.0,0
898,-256.0,-10.0,48.0,0
899,-258.0,-8.0,49.0,0
900,-256.0,-3.0,52.0,0
901,-256.0,-5.0,48.0,0
902,-252.0,-7.0,49.0,0
903,-255.0,-2.0,48.0,0
904,-252.0,-5.0,54.0,0
905,-256.0,0.0,49.0,0
906,-253.0,-3.0,51.0,0
907,-254.0,-1.0,50.0,0
908,-257.0,0.0,51.0,0
909,-253.0,0.0,49.0,0
910,-252.0,-1.0,51.0,0
911,-249.0,-3.0,51.0,0
912,-250.0,-3.0,53.0,0
913,-251.0,-5.0,53.0,0
914,-248.0,-4.0,49.0,0
915,-248.0,0.0,53.0,0
916,-251.0,-3.0,53.0,0
917,-251.0,0.0,53.0,0
918,-249.0,-2.0,51.0,0
919,-249.0,-1.0,53.0,0
920,-250.0,0.0,51.0,0
921,-247.0,0.0,51.0,0
922,-251.0,0.0,49.0,0
923,-249.0,0.0,48.0,0
924,-249.0,0.0,52.0,0
925,-249.0,0.0,48.0,0
926,-251.0,0.0,49.0,0
927,-252.0,-1.0,51.0,0
928,-252.0,0.0,48.0,0
929,-255.0,0.0,50.0,0
930,-255.0,1.0,52.0,0
931,-254.0,0.0,48.0,0
932,-256.0,0.0,50.0,0
933,-254.0,1.0,51.0,0
934,-254.0,2.0,51.0,0
935,-253.0,-3.0,51.0,0
936,-255.0,2.0,49.0,0
937,-251.0,0.0,55.0,0
938,-253.0,0.0,52.0,0
939,-254.0,0.0,53.0,0
940,-252.0,1.0,52.0,0
941,-253.0,1.0,53.0,0
942,-255.0,1.0,54.0,0
943,-249.0,4.0,50.0,0
944,-253.0,2.0,56.0,0
945,-253.0,2.0,52.0,0
946,-252.0,1.0,52.0,0
947,-253.0,0.0,48.0,0
948,-253.0,3.0,51.0,0
949,-251.0,1.0,53.0,0
950,-250.0,2.0,52.0,0
951,-250.0,1.0,48.0,0
952,-252.0,1.0,50.0,0
953,-250.0,1.0,49.0,0
954,-251.0,-1.0,51.0,0
955,-251.0,0.0,48.0,0
956,-250.0,-1.0,53.0,0
957,-250.0,0.0,54.0,0
958,-248.0,-1.0,54.0,0
959,-254.0,-1.0,48.0,0
960,-251.0,0.0,50.0,0
961,-253.0,0.0,52.0,0
962,-250.0,0.0,51.0,0
963,-251.0,-1.0,50.0,0
964,-251.0,-1.0,50.0,0
965,-251.0,-2.0,53.0,0
966,-247.0,0.0,50.0,0
967,-253.0,0.0,54.0,0
968,-252.0,-1.0,52.0,0
969,-251.0,0.0,51.0,0
970,-251.0,0.0,52.0,0
971,-253.0,1.0,51.0,0
972,-252.0,-2.0,53.0,0
973,-250.0,0.0,50.0,0
974,-249.0,-1.0,52.0,0
975,-250.0,0.0,48.0,0
976,-249.0,0.0,49.0,0
977,-251.0,-2.0,52.0,0
978,-251.0,-2.0,50.0,0
979,-252.0,0.0,49.0,0
980,-254.0,-3.0,48.0,0
981,-251.0,-6.0,47.0,0
982,-254.0,-2.0,49.0,0
983,-254.0,0.0,52.0,0
984,-253.0,-3.0,48.0,0
985,-253.0,-6.0,50.0,0
986,-250.0,-6.0,51.0,0
987,-255.0,-2.0,53.0,0
988,-253.0,-6.0,50.0,0
989,-251.0,-3.0,52.0,0
990,-249.0,-3.0,55.0,0
991,-250.0,-4.0,56.0,0
992,-249.0,-2.0,54.0,0
993,-247.0,0.0,59.0,0
994,-250.0,-1.0,56.0,0
995,-247.0,-1.0,52.0,0
996,-245.0,-2.0,55.0,0
997,-246.0,-3.0,54.0,0
998,-251.0,0.0,57.0,0
999,-250.0,2.0,56.0,0
1000,-248.0,2.0,56.0,0
1001,-249.0,0.0,52.0,0
1002,-250.0,3.0,54.0,0
1003,-251.0,1.0,52.0,0
1004,-251.0,3.0,55.0,0
1005,-249.0,0.0,54.0,0
1006,-252.0,1.0,56.0,0
1007,-251.0,1.0,55.0,0
1008,-252.0,-1.0,53.0,0
1009,-253.0,0.0,52.0,0
1010,-255.0,0.0,52.0,0
1011,-251.0,2.0,52.0,0
1012,-248.0,1.0,53.0,0
1013,-251.0,4.0,53.0,0
1014,-247.0,0.0,51.0,0
1015,-252.0,5.0,52.0,0
1016,-249.0,0.0,51.0,0
1017,-249.0,2.0,51.0,0
1018,-250.0,1.0,52.0,0
1019,-251.0,0.0,49.0,0
1020,-251.0,2.0,54.0,0
1021,-250.0,0.0,50.0,0
1022,-254.0,0.0,52.0,0
1023,-249.0,1.0,52.0,0
1024,-253.0,1.0,55.0,0
1025,-252.0,5.0,50.0,0
1026,-250.0,3.0,48.0,0
1027,-253.0,0.0,50.0,0
1028,-252.0,3.0,49.0,0
1029,-252.0,4.0,48.0,0
1030,-249.0,3.0,50.0,0
1031,-252.0,0.0,49.0,0
1032,-252.0,3.0,52.0,0
1033,-252.0,2.0,50.0,0
1034,-250.0,1.0,52.0,0
1035,-252.0,3.0,56.0,0
1036,-253.0,1.0,49.0,0
1037,-248.0,2.0,51.0,0
1038,-251.0,1.0,51.0,0
1039,-253.0,1.0,49.0,0
1040,-253.0,1.0,49.0,0
1041,-252.0,0.0,47.0,0
1042,-250.0,0.0,49.0,0
1043,-249.0,0.0,47.0,0
1044,-250.0,1.0,50.0,0
1045,-247.0,2.0,49.0,0
1046,-252.0,1.0,51.0,0
1047,-252.0,0.0,51.0,0
1048,-251.0,0.0,52.0,0
1049,-252.0,1.0,56.0,0
1050,-253.0,0.0,53.0,0
1051,-252.0,1.0,51.0,0
1052,-250.0,-1.0,48.0,0
1053,-250.0,1.0,55.0,0
1054,-252.0,1.0,51.0,0
1055,-239.0,1.0,51.0,0
1056,-254.0,3.0,53.0,0
1057,-251.0,0.0,52.0,0
1058,-249.0,1.0,53.0,0
1059,-251.0,0.0,52.0,0
1060,-251.0,0.0,50.0,0
1061,-249.0,-1.0,50.0,0
1062,-249.0,-2.0,52.0,0
1063,-251.0,0.0,53.0,0
1064,-251.0,0.0,52.0,0
1065,-248.0,-1.0,51.0,0
1066,-251.0,0.0,51.0,0
1067,-250.0,1.0,50.0,0
1068,-249.0,0.0,51.0,0
1069,-252.0,1.0,49.0,0
1070,-250.0,2.0,53.0,0
1071,-251.0,0.0,53.0,0
1072,-249.0,0.0,48.0,0
1073,-250.0,1.0,51.0,0
1074,-249.0,2.0,51.0,0
1075,-251.0,4.0,49.0,0
1076,-250.0,0.0,52.0,0
1077,-251.0,1.0,53.0,0
1078,-251.0,0.0,51.0,0
1079,-253.0,2.0,51.0,0
1080,-253.0,0.0,56.0,0
1081,-252.0,1.0,50.0,0
1082,-252.0,0.0,48.0,0
1083,-248.0,0.0,51.0,0
1084,-253.0,-1.0,54.0,0
1085,-248.0,0.0,51.0,0
1086,-251.0,0.0,54.0,0
1087,-250.0,0.0,53.0,0
1088,-251.0,0.0,53.0,0
1089,-250.0,-1.0,56.0,0
1090,-249.0,1.0,56.0,0
1091,-250.0,1.0,51.0,0
1092,-250.0,3.0,49.0,0
1093,-250.0,3.0,46.0,0
1094,-250.0,1.0,49.0,0
1095,-248.0,1.0,47.0,0
1096,-251.0,0.0,50.0,0
1097,-251.0,0.0,54.0,0
1098,-251.0,0.0,47.0,0
1099,-252.0,0.0,49.0,0
1100,-249.0,0.0,55.0,0
1101,-252.0,0.0,51.0,0
1102,-252.0,0.0,49.0,0
1103,-248.0,0.0,50.0,0
1104,-250.0,2.0,49.0,0
1105,-249.0,0.0,50.0,0
1106,-248.0,0.0,51.0,0
1107,-250.0,1.0,50.0,0
1108,-249.0,3.0,55.0,0
1109,-251.0,0.0,52.0,0
1110,-252.0,2.0,53.0,0
1111,-250.0,0.0,48.0,0
1112,-250.0,-2.0,52.0,0
1113,-252.0,1.0,52.0,0
1114,-252.0,0.0,47.0,0
1115,-250.0,1.0,49.0,0
1116,-250.0,1.0,52.0,0
1117,-252.0,1.0,52.0,0
1118,-253.0,0.0,51.0,0
1119,-251.0,0.0,51.0,0
1120,-251.0,1.0,49.0,0
1121,-252.0,1.0,47.0,0
1122,-252.0,0.0,50.0,0
1123,-253.0,2.0,49.0,0
1124,-253.0,1.0,49.0,0
1125,-253.0,2.0,50.0,0
1126,-249.0,1.0,48.0,0
1127,-251.0,0.0,50.0,0
1128,-251.0,1.0,51.0,0
1129,-254.0,2.0,50.0,0
1130,-254.0,2.0,44.0,0
1131,-253.0,1.0,49.0,0
1132,-249.0,-2.0,48.0,0
1133,-254.0,-1.0,49.0,0
1134,-253.0,1.0,52.0,0
1135,-252.0,0.0,53.0,0
1136,-250.0,-1.0,50.0,0
1137,-250.0,1.0,51.0,0
1138,-251.0,0.0,48.0,0
1139,-250.0,0.0,48.0,0
1140,-251.0,0.0,47.0,0
1141,-249.0,-2.0,51.0,0
1142,-251.0,0.0,49.0,0
1143,-250.0,2.0,49.0,0
1144,-250.0,0.0,48.0,0
1145,-251.0,-2.0,51.0,0
1146,-252.0,1.0,50.0,0
1147,-252.0,0.0,49.0,0
1148,-251.0,1.0,49.0,0
1149,-254.0,2.0,49.0,0
1150,-251.0,2.0,51.0,0
1151,-249.0,1.0,50.0,0
1152,-252.0,2.0,49.0,0
1153,-251.0,0.0,48.0,0
1154,-251.0,0.0,48.0,0
1155,-254.0,0.0,46.0,0
1156,-253.0,0.0,48.0,0
1157,-252.0,6.0,51.0,0
1158,-253.0,1.0,47.0,0
1159,-253.0,2.0,50.0,0
1160,-252.0,1.0,47.0,0
1161,-249.0,1.0,47.0,0
1162,-254.0,1.0,50.0,0
1163,-251.0,0.0,49.0,0
1164,-252.0,1.0,50.0,0
1165,-253.0,1.0,51.0,0
1166,-251.0,4.0,50.0,0
1167,-249.0,1.0,51.0,0
1168,-251.0,2.0,45.0,0
1169,-250.0,1.0,50.0,0
1170,-251.0,0.0,52.0,0
1171,-250.0,0.0,53.0,0
1172,-251.0,0.0,52.0,0
1173,-249.0,0.0,50.0,0
1174,-253.0,0.0,51.0,0
1175,-252.0,4.0,48.0,0
1176,-256.0,2.0,51.0,0
1177,-253.0,1.0,50.0,0
1178,-252.0,2.0,47.0,0
1179,-250.0,-1.0,49.0,0
1180,-253.0,1.0,50.0,0
1181,-252.0,0.0,49.0,0
1182,-251.0,0.0,51.0,0
1183,-248.0,0.0,49.0,0
1184,-250.0,0.0,53.0,0
1185,-250.0,0.0,49.0,0
1186,-253.0,2.0,54.0,0
1187,-251.0,1.0,49.0,0
1188,-247.0,1.0,48.0,0
1189,-252.0,1.0,51.0,0
1190,-250.0,4.0,51.0,0
1191,-250.0,0.0,48.0,0
1192,-248.0,-1.0,47.0,0
1193,-252.0,1.0,53.0,0
1194,-252.0,3.0,53.0,0
1195,-250.0,4.0,53.0,0
1196,-249.0,0.0,51.0,0
1197,-251.0,4.0,50.0,0
1198,-251.0,0.0,51.0,0
1199,-249.0,0.0,52.0,0
1200,-249.0,2.0,53.0,0
1201,-251.0,1.0,51.0,0
1202,-254.0,-1.0,51.0,0
1203,-250.0,0.0,51.0,0
1204,-253.0,1.0,49.0,0
1205,-257.0,8.0,37.0,0
1206,-247.0,1.0,50.0,0
1207,-253.0,2.0,49.0,0
1208,-248.0,0.0,46.0,0
1209,-253.0,0.0,49.0,0
1210,-250.0,4.0,47.0,0
1211,-250.0,1.0,48.0,0
1212,-249.0,1.0,49.0,0
1213,-253.0,1.0,51.0,0
1214,-252.0,0.0,49.0,0
1215,-243.0,0.0,52.0,0
1216,-251.0,0.0,51.0,0
1217,-253.0,1.0,51.0,0
1218,-251.0,2.0,49.0,0
1219,-248.0,3.0,43.0,0
1220,-253.0,1.0,50.0,0
1221,-252.0,1.0,50.0,0
1222,-253.0,1.0,47.0,0
1223,-248.0,1.0,49.0,0
1224,-252.0,2.0,47.0,0
1225,-253.0,0.0,48.0,0
1226,-250.0,2.0,52.0,0
1227,-248.0,0.0,51.0,0
1228,-252.0,0.0,51.0,0
1229,-249.0,0.0,48.0,0
1230,-250.0,0.0,50.0,0
1231,-251.0,0.0,50.0,0
1232,-253.0,0.0,54.0,0
1233,-251.0,-1.0,52.0,0
1234,-248.0,0.0,48.0,0
1235,-252.0,1.0,50.0,0
1236,-254.0,3.0,48.0,0
1237,-252.0,0.0,50.0,0
1238,-254.0,2.0,52.0,0
1239,-252.0,1.0,50.0,0
1240,-251.0,3.0,49.0,0
1241,-252.0,0.0,50.0,0
1242,-255.0,2.0,52.0,0
1243,-252.0,1.0,52.0,0
1244,-251.0,0.0,54.0,0
1245,-251.0,0.0,45.0,0
1246,-250.0,-1.0,49.0,0
1247,-253.0,2.0,51.0,0
1248,-251.0,2.0,49.0,0
1249,-250.0,1.0,50.0,0
1250,-251.0,1.0,47.0,0
1251,-252.0,0.0,52.0,0
1252,-252.0,1.0,50.0,0
1253,-251.0,0.0,48.0,0
1254,-250.0,-1.0,51.0,0
1255,-251.0,1.0,51.0,0
1256,-250.0,2.0,52.0,0
1257,-248.0,1.0,52.0,0
1258,-254.0,3.0,52.0,0
1259,-252.0,1.0,49.0,0
1260,-248.0,0.0,47.0,0
1261,-252.0,0.0,49.0,0
1262,-254.0,1.0,51.0,0
1263,-251.0,1.0,49.0,0
1264,-252.0,2.0,52.0,0
1265,-250.0,1.0,49.0,0
1266,-248.0,2.0,51.0,0
1267,-250.0,2.0,50.0,0
1268,-249.0,0.0,52.0,0
1269,-249.0,2.0,53.0,0
1270,-251.0,1.0,49.0,0
1271,-250.0,1.0,51.0,0
1272,-252.0,1.0,52.0,0
1273,-250.0,3.0,52.0,0
1274,-251.0,1.0,53.0,0
1275,-254.0,2.0,52.0,0
1276,-243.0,10.0,54.0,0
1277,-252.0,1.0,49.0,0
1278,-251.0,2.0,52.0,0
1279,-252.0,1.0,52.0,0
1280,-249.0,-1.0,54.0,0
1281,-252.0,0.0,52.0,0
1282,-252.0,1.0,55.0,0
1283,-251.0,1.0,52.0,0
1284,-248.0,1.0,50.0,0
1285,-251.0,3.0,54.0,0
1286,-250.0,0.0,50.0,0
1287,-251.0,0.0,53.0,0
1288,-252.0,2.0,53.0,0
1289,-251.0,2.0,54.0,0
1290,-244.0,11.0,48.0,0
1291,-248.0,2.0,50.0,0
1292,-251.0,2.0,52.0,0
1293,-249.0,2.0,52.0,0
1294,-252.0,2.0,55.0,0
1295,-249.0,2.0,53.0,0
1296,-252.0,2.0,54.0,0
1297,-252.0,2.0,56.0,0
1298,-249.0,1.0,52.0,0
1299,-251.0,1.0,52.0,0
1300,-252.0,1.0,46.0,0
1301,-250.0,3.0,54.0,0
1302,-249.0,1.0,55.0,0
1303,-252.0,2.0,50.0,0
1304,-250.0,0.0,53.0,0
1305,-248.0,-2.0,49.0,0
1306,-248.0,-2.0,51.0,0
1307,-251.0,1.0,57.0,0
1308,-250.0,1.0,53.0,0
1309,-251.0,1.0,54.0,0
1310,-249.0,-1.0,52.0,0
1311,-249.0,-1.0,54.0,0
1312,-248.0,2.0,53.0,0
1313,-253.0,3.0,53.0,0
1314,-249.0,0.0,51.0,0
1315,-250.0,1.0,49.0,0
1316,-254.0,2.0,55.0,0
1317,-252.0,4.0,49.0,0
1318,-251.0,1.0,53.0,0
1319,-251.0,2.0,54.0,0
1320,-249.0,0.0,52.0,0
1321,-249.0,3.0,53.0,0
1322,-249.0,5.0,52.0,0
1323,-253.0,0.0,58.0,0
1324,-251.0,1.0,57.0,0
1325,-248.0,0.0,51.0,0
1326,-252.0,0.0,53.0,0
1327,-251.0,2.0,54.0,0
1328,-253.0,2.0,55.0,0
1329,-252.0,1.0,56.0,0
1330,-249.0,2.0,51.0,0
1331,-247.0,3.0,55.0,0
1332,-250.0,2.0,56.0,0
1333,-248.0,2.0,53.0,0
1334,-252.0,1.0,57.0,0
1335,-251.0,3.0,58.0,0
1336,-250.0,2.0,54.0,0
1337,-249.0,6.0,52.0,0
1338,-251.0,1.0,55.0,0
1339,-250.0,0.0,54.0,0
1340,-247.0,-2.0,56.0,0
1341,-252.0,2.0,55.0,0
1342,-252.0,4.0,55.0,0
1343,-253.0,0.0,53.0,0
1344,-250.0,0.0,52.0,0
1345,-251.0,1.0,54.0,0
1346,-250.0,-1.0,56.0,0
1347,-250.0,0.0,55.0,0
1348,-247.0,1.0,55.0,0
1349,-251.0,2.0,52.0,0
1350,-250.0,1.0,54.0,0
1351,-251.0,0.0,55.0,0
1352,-248.0,1.0,52.0,0
1353,-249.0,-1.0,54.0,0
1354,-250.0,0.0,54.0,0
1355,-251.0,1.0,55.0,0
1356,-252.0,1.0,57.0,0
1357,-250.0,2.0,56.0,0
1358,-253.0,1.0,55.0,0
1359,-250.0,1.0,58.0,0
1360,-249.0,-2.0,55.0,0
1361,-251.0,0.0,57.0,0
1362,-251.0,0.0,54.0,0
1363,-249.0,-2.0,55.0,0
1364,-254.0,1.0,57.0,0
1365,-249.0,0.0,58.0,0
1366,-251.0,1.0,52.0,0
1367,-249.0,0.0,55.0,0
1368,-249.0,-2.0,52.0,0
1369,-254.0,1.0,52.0,0
1370,-255.0,0.0,53.0,0
1371,-254.0,0.0,55.0,0
1372,-254.0,1.0,52.0,0
1373,-255.0,0.0,52.0,0
1374,-255.0,-2.0,52.0,0
1375,-257.0,-3.0,55.0,0
1376,-257.0,0.0,52.0,0
1377,-256.0,0.0,54.0,0
1378,-254.0,-1.0,51.0,0
1379,-256.0,0.0,53.0,0
1380,-254.0,-2.0,56.0,0
1381,-256.0,-1.0,52.0,0
1382,-256.0,-5.0,54.0,0
1383,-255.0,-1.0,56.0,0
1384,-255.0,1.0,58.0,0
1385,-253.0,-2.0,58.0,0
1386,-251.0,-1.0,54.0,0
1387,-253.0,0.0,57.0,0
1388,-256.0,-2.0,60.0,0
1389,-255.0,0.0,58.0,0
1390,-254.0,0.0,56.0,0
1391,-248.0,-2.0,52.0,0
1392,-248.0,-3.0,49.0,0
1393,-249.0,0.0,52.0,0
1394,-255.0,1.0,53.0,0
1395,-256.0,0.0,59.0,0
1396,-261.0,1.0,51.0,0
1397,-253.0,0.0,58.0,0
1398,-252.0,0.0,52.0,0
1399,-249.0,-1.0,52.0,0
1400,-245.0,-5.0,52.0,0
1401,-244.0,-5.0,52.0,0
1402,-249.0,-2.0,56.0,0
1403,-246.0,0.0,58.0,0
1404,-247.0,0.0,58.0,0
1405,-245.0,0.0,54.0,0
1406,-247.0,0.0,56.0,0
1407,-244.0,1.0,55.0,0
1408,-252.0,-1.0,54.0,0
1409,-250.0,1.0,60.0,0
1410,-251.0,3.0,60.0,0
1411,-258.0,1.0,57.0,0
1412,-255.0,-1.0,58.0,0
1413,-248.0,-1.0,57.0,0
1414,-250.0,-2.0,55.0,0
1415,-250.0,-1.0,58.0,0
1416,-249.0,-1.0,54.0,0
1417,-250.0,-3.0,58.0,0
1418,-251.0,0.0,61.0,0
1419,-253.0,1.0,59.0,0
1420,-253.0,2.0,55.0,0
1421,-255.0,2.0,63.0,0
1422,-253.0,4.0,64.0,0
1423,-247.0,6.0,64.0,0
1424,-248.0,6.0,62.0,0
1425,-246.0,4.0,64.0,0
1426,-248.0,4.0,63.0,0
1427,-253.0,4.0,62.0,0
1428,-253.0,1.0,60.0,0
1429,-255.0,2.0,63.0,0
1430,-257.0,1.0,61.0,0
1431,-250.0,-2.0,65.0,0
1432,-246.0,0.0,63.0,0
1433,-242.0,-4.0,61.0,0
1434,-240.0,-3.0,64.0,0
1435,-244.0,0.0,68.0,0
1436,-247.0,1.0,65.0,0
1437,-246.0,4.0,69.0,0
1438,-248.0,5.0,75.0,0
1439,-253.0,5.0,72.0,0
1440,-256.0,6.0,73.0,0
1441,-254.0,8.0,76.0,0
1442,-244.0,4.0,76.0,0
1443,-245.0,1.0,73.0,0
1444,-247.0,0.0,72.0,0
1445,-251.0,-6.0,72.0,0
1446,-251.0,-2.0,71.0,0
1447,-256.0,0.0,68.0,0
1448,-252.0,0.0,72.0,0
1449,-251.0,4.0,71.0,0
1450,-249.0,-6.0,65.0,0
1451,-254.0,4.0,68.0,0
1452,-255.0,2.0,72.0,0
1453,-254.0,5.0,70.0,0
1454,-249.0,6.0,72.0,0
1455,-247.0,7.0,71.0,0
1456,-251.0,7.0,72.0,0
1457,-252.0,7.0,67.0,0
1458,-250.0,10.0,68.0,0
1459,-253.0,11.0,62.0,0
1460,-252.0,15.0,62.0,0
1461,-251.0,14.0,61.0,0
1462,-253.0,15.0,59.0,0
1463,-254.0,17.0,61.0,0
1464,-250.0,16.0,61.0,0
1465,-245.0,13.0,61.0,0
1466,-244.0,13.0,64.0,0
1467,-247.0,12.0,66.0,0
1468,-244.0,7.0,65.0,0
1469,-244.0,10.0,65.0,0
1470,-246.0,11.0,69.0,0
1471,-241.0,9.0,67.0,0
1472,-245.0,10.0,71.0,0
1473,-239.0,8.0,75.0,0
1474,-239.0,8.0,75.0,0
1475,-239.0,11.0,76.0,0
1476,-235.0,9.0,76.0,0
1477,-235.0,12.0,75.0,0
1478,-232.0,11.0,66.0,0
1479,-228.0,7.0,70.0,0
1480,-228.0,6.0,76.0,0
1481,-228.0,5.0,76.0,0
1482,-227.0,0.0,81.0,0
1483,-226.0,-5.0,77.0,0
1484,-227.0,-3.0,89.0,0
1485,-232.0,-11.0,86.0,0
1486,-233.0,-10.0,86.0,0
1487,-232.0,-11.0,90.0,0
1488,-230.0,-12.0,88.0,0
1489,-228.0,-14.0,95.0,0
1490,-237.0,-13.0,95.0,0
1491,-237.0,-12.0,102.0,0
1492,-240.0,-9.0,102.0,0
1493,-234.0,-6.0,99.0,0
1494,-236.0,-6.0,97.0,0
1495,-232.0,-4.0,104.0,0
1496,-233.0,-1.0,108.0,0
1497,-232.0,-3.0,108.0,0
1498,-231.0,0.0,111.0,0
1499,-231.0,1.0,107.0,0
1500,-227.0,0.0,104.0,0
1501,-230.0,9.0,100.0,0
1502,-227.0,8.0,106.0,0
1503,-232.0,9.0,106.0,0
1504,-235.0,12.0,108.0,0
1505,-233.0,16.0,107.0,0
1506,-235.0,16.0,105.0,0
1507,-238.0,21.0,105.0,0
1508,-236.0,23.0,103.0,0
1509,-241.0,22.0,98.0,0
1510,-243.0,25.0,95.0,0
1511,-241.0,27.0,96.0,0
1512,-242.0,23.0,96.0,0
1513,-242.0,22.0,98.0,0
1514,-240.0,21.0,97.0,0
1515,-246.0,25.0,97.0,0
1516,-248.0,22.0,104.0,0
1517,-248.0,23.0,104.0,0
1518,-249.0,21.0,102.0,0
1519,-243.0,21.0,100.0,0
1520,-249.0,15.0,102.0,0
1521,-246.0,16.0,95.0,0
1522,-247.0,13.0,97.0,0
1523,-244.0,17.0,99.0,0
1524,-241.0,16.0,93.0,0
1525,-238.0,20.0,104.0,0
1526,-241.0,14.0,101.0,0
1527,-238.0,13.0,97.0,0
1528,-242.0,9.0,101.0,0
1529,-241.0,6.0,101.0,0
1530,-245.0,5.0,100.0,0
1531,-245.0,5.0,101.0,0
1532,-244.0,8.0,103.0,0
1533,-248.0,14.0,98.0,0
1534,-244.0,13.0,93.0,0
1535,-246.0,12.0,97.0,0
1536,-247.0,9.0,95.0,0
1537,-248.0,13.0,104.0,0
1538,-248.0,13.0,98.0,0
1539,-247.0,8.0,99.0,0
1540,-239.0,6.0,100.0,0
1541,-239.0,3.0,102.0,0
1542,-238.0,3.0,105.0,0
1543,-235.0,1.0,110.0,0
1544,-227.0,0.0,113.0,0
1545,-226.0,0.0,109.0,0
1546,-223.0,-2.0,110.0,0
1547,-227.0,-3.0,117.0,0
1548,-218.0,-11.0,121.0,0
1549,-223.0,-9.0,117.0,0
1550,-222.0,-14.0,119.0,0
1551,-221.0,-13.0,117.0,0
1552,-218.0,-16.0,118.0,0
1553,-218.0,-17.0,126.0,0
1554,-221.0,-19.0,128.0,0
1555,-217.0,-26.0,127.0,0
1556,-214.0,-30.0,130.0,0
1557,-216.0,-30.0,130.0,0
1558,-215.0,-31.0,131.0,0
1559,-212.0,-37.0,130.0,0
1560,-211.0,-39.0,129.0,0
1561,-203.0,-44.0,138.0,0
1562,-202.0,-45.0,137.0,0
1563,-201.0,-46.0,136.0,0
1564,-201.0,-48.0,137.0,0
1565,-207.0,-49.0,139.0,0
1566,-204.0,-51.0,139.0,0
1567,-194.0,-54.0,138.0,0
1568,-196.0,-60.0,144.0,0
1569,-200.0,-61.0,145.0,0
1570,-209.0,-61.0,142.0,0
1571,-203.0,-69.0,146.0,0
1572,-204.0,-68.0,145.0,0
1573,-197.0,-68.0,141.0,0
1574,-193.0,-68.0,145.0,0
1575,-200.0,-67.0,149.0,0
1576,-201.0,-68.0,144.0,0
1577,-194.0,-72.0,143.0,0
1578,-190.0,-74.0,140.0,0
1579,-186.0,-76.0,139.0,0
1580,-183.0,-68.0,130.0,0
1581,-184.0,-64.0,147.0,0
1582,-175.0,-68.0,151.0,0
1583,-183.0,-67.0,156.0,0
1584,-185.0,-66.0,155.0,0
1585,-182.0,-71.0,155.0,0
1586,-179.0,-72.0,159.0,0
1587,-179.0,-81.0,154.0,0
1588,-189.0,-76.0,153.0,0
1589,-190.0,-75.0,152.0,0
1590,-183.0,-80.0,154.0,0
1591,-185.0,-80.0,151.0,0
1592,-192.0,-72.0,146.0,0
1593,-195.0,-68.0,153.0,0
1594,-200.0,-69.0,151.0,0
1595,-197.0,-65.0,145.0,0
1596,-203.0,-68.0,138.0,0
1597,-199.0,-69.0,136.0,0
1598,-227.0,-71.0,132.0,0
1599,-212.0,-67.0,131.0,0
1600,-207.0,-67.0,132.0,0
1601,-205.0,-71.0,135.0,0
1602,-202.0,-72.0,134.0,0
1603,-211.0,-72.0,134.0,0
1604,-210.0,-73.0,129.0,0
1605,-201.0,-80.0,117.0,0
1606,-203.0,-81.0,109.0,0
1607,-193.0,-86.0,107.0,0
1608,-190.0,-87.0,109.0,0
1609,-190.0,-90.0,111.0,0
1610,-190.0,-94.0,120.0,0
1611,-193.0,-97.0,123.0,0
1612,-191.0,-105.0,127.0,0
1613,-193.0,-104.0,128.0,0
1614,-187.0,-103.0,127.0,0
1615,-181.0,-110.0,125.0,0
1616,-181.0,-110.0,129.0,0
1617,-180.0,-111.0,130.0,0
1618,-183.0,-114.0,127.0,0
1619,-181.0,-114.0,128.0,0
1620,-180.0,-115.0,115.0,0
1621,-180.0,-115.0,121.0,0
1622,-176.0,-119.0,112.0,0
1623,-177.0,-119.0,108.0,0
1624,-172.0,-122.0,104.0,0
1625,-171.0,-121.0,102.0,0
1626,-175.0,-123.0,104.0,0
1627,-172.0,-126.0,100.0,0
1628,-180.0,-130.0,101.0,0
1629,-182.0,-131.0,101.0,0
1630,-179.0,-130.0,100.0,0
1631,-183.0,-133.0,107.0,0
1632,-186.0,-129.0,107.0,0
1633,-190.0,-132.0,109.0,0
1634,-185.0,-132.0,109.0,0
1635,-181.0,-137.0,105.0,0
1636,-183.0,-134.0,102.0,0
1637,-180.0,-132.0,99.0,0
1638,-171.0,-133.0,100.0,0
1639,-165.0,-133.0,98.0,0
1640,-165.0,-142.0,102.0,0
1641,-164.0,-145.0,93.0,0
1642,-174.0,-140.0,95.0,0
1643,-168.0,-145.0,91.0,0
1644,-172.0,-143.0,95.0,0
1645,-169.0,-144.0,96.0,0
1646,-167.0,-146.0,93.0,0
1647,-166.0,-143.0,98.0,0
1648,-169.0,-144.0,99.0,0
1649,-172.0,-145.0,100.0,0
1650,-167.0,-143.0,103.0,0
1651,-166.0,-144.0,103.0,0
1652,-165.0,-149.0,106.0,0
1653,-162.0,-152.0,111.0,0
1654,-169.0,-151.0,106.0,0
1655,-170.0,-150.0,105.0,0
1656,-164.0,-153.0,102.0,0
1657,-162.0,-154.0,95.0,0
1658,-166.0,-153.0,91.0,0
1659,-175.0,-151.0,94.0,0
1660,-170.0,-151.0,91.0,0
1661,-171.0,-151.0,81.0,0
1662,-163.0,-151.0,82.0,0
1663,-170.0,-151.0,85.0,0
1664,-171.0,-151.0,84.0,0
1665,-167.0,-153.0,84.0,0
1666,-164.0,-152.0,82.0,0
1667,-166.0,-156.0,84.0,0
1668,-169.0,-157.0,85.0,0
1669,-170.0,-157.0,86.0,0
1670,-169.0,-159.0,85.0,0
1671,-168.0,-158.0,87.0,0
1672,-169.0,-164.0,92.0,0
1673,-166.0,-167.0,90.0,0
1674,-168.0,-166.0,92.0,0
1675,-168.0,-168.0,89.0,0
1676,-166.0,-168.0,87.0,0
1677,-159.0,-172.0,88.0,0
1678,-158.0,-173.0,84.0,0
1679,-155.0,-171.0,86.0,0
1680,-155.0,-171.0,81.0,0
1681,-154.0,-173.0,79.0,0
1682,-156.0,-174.0,76.0,0
1683,-157.0,-175.0,75.0,0
1684,-155.0,-179.0,72.0,0
1685,-155.0,-178.0,73.0,0
1686,-152.0,-176.0,79.0,0
1687,-155.0,-177.0,76.0,0
1688,-156.0,-175.0,78.0,0
1689,-158.0,-174.0,83.0,0
1690,-158.0,-177.0,78.0,0
1691,-158.0,-178.0,81.0,0
1692,-157.0,-178.0,81.0,0
1693,-160.0,-175.0,79.0,0
1694,-160.0,-176.0,82.0,0
1695,-157.0,-180.0,80.0,0
1696,-158.0,-178.0,85.0,0
1697,-167.0,-187.0,91.0,0
1698,-155.0,-181.0,84.0,0
1699,-156.0,-177.0,88.0,0
1700,-159.0,-175.0,80.0,0
1701,-164.0,-176.0,84.0,0
1702,-161.0,-171.0,83.0,0
1703,-158.0,-172.0,84.0,0
1704,-158.0,-171.0,80.0,0
1705,-160.0,-172.0,78.0,0
1706,-157.0,-174.0,75.0,0
1707,-154.0,-174.0,72.0,0
1708,-155.0,-178.0,75.0,0
1709,-154.0,-176.0,77.0,0
1710,-152.0,-177.0,73.0,0
1711,-149.0,-179.0,77.0,0
1712,-150.0,-179.0,79.0,0
1713,-148.0,-178.0,74.0,0
1714,-147.0,-182.0,75.0,0
1715,-149.0,-180.0,75.0,0
1716,-152.0,-178.0,78.0,0
1717,-153.0,-180.0,75.0,0
1718,-157.0,-180.0,73.0,0
1719,-156.0,-178.0,69.0,0
1720,-154.0,-178.0,71.0,0
1721,-158.0,-177.0,69.0,0
1722,-154.0,-178.0,69.0,0
1723,-151.0,-179.0,65.0,0
1724,-154.0,-175.0,66.0,0
1725,-157.0,-176.0,70.0,0
1726,-157.0,-175.0,69.0,0
1727,-150.0,-178.0,66.0,0
1728,-151.0,-182.0,65.0,0
1729,-148.0,-183.0,68.0,0
1730,-142.0,-181.0,68.0,0
1731,-143.0,-184.0,66.0,0
1732,-139.0,-188.0,67.0,0
1733,-140.0,-191.0,64.0,0
1734,-141.0,-189.0,69.0,0
1735,-138.0,-192.0,67.0,0
1736,-134.0,-192.0,65.0,0
1737,-134.0,-193.0,65.0,0
1738,-134.0,-190.0,67.0,0
1739,-139.0,-192.0,63.0,0
1740,-137.0,-192.0,67.0,0
1741,-140.0,-193.0,67.0,0
1742,-136.0,-192.0,68.0,0
1743,-135.0,-193.0,65.0,0
1744,-135.0,-191.0,68.0,0
1745,-137.0,-194.0,67.0,0
1746,-139.0,-196.0,67.0,0
1747,-138.0,-194.0,68.0,0
1748,-134.0,-193.0,65.0,0
1749,-135.0,-196.0,66.0,0
1750,-136.0,-191.0,64.0,0
1751,-138.0,-199.0,66.0,0
1752,-141.0,-198.0,65.0,0
1753,-143.0,-193.0,64.0,0
1754,-139.0,-197.0,62.0,0
1755,-139.0,-195.0,66.0,0
1756,-139.0,-200.0,68.0,0
1757,-134.0,-203.0,69.0,0
1758,-132.0,-202.0,65.0,0
1759,-134.0,-201.0,66.0,0
1760,-132.0,-205.0,64.0,0
1761,-141.0,-208.0,63.0,0
1762,-134.0,-206.0,63.0,0
1763,-133.0,-202.0,62.0,0
1764,-132.0,-205.0,62.0,0
1765,-132.0,-202.0,59.0,0
1766,-137.0,-203.0,63.0,0
1767,-137.0,-201.0,60.0,0
1768,-139.0,-201.0,59.0,0
1769,-136.0,-195.0,60.0,0
1770,-133.0,-199.0,59.0,0
1771,-136.0,-196.0,59.0,0
1772,-132.0,-196.0,59.0,0
1773,-134.0,-199.0,59.0,0
1774,-131.0,-195.0,63.0,0
1775,-132.0,-196.0,60.0,0
1776,-128.0,-198.0,63.0,0
1777,-129.0,-201.0,58.0,0
1778,-132.0,-198.0,63.0,0
1779,-127.0,-196.0,61.0,0
1780,-132.0,-197.0,60.0,0
1781,-135.0,-199.0,61.0,0
1782,-132.0,-203.0,59.0,0
1783,-130.0,-201.0,63.0,0
1784,-128.0,-197.0,61.0,0
1785,-125.0,-200.0,59.0,0
1786,-128.0,-201.0,61.0,0
1787,-126.0,-200.0,64.0,0
1788,-126.0,-203.0,61.0,0
1789,-126.0,-203.0,61.0,0
1790,-124.0,-201.0,60.0,0
1791,-125.0,-207.0,65.0,0
1792,-120.0,-207.0,65.0,0
1793,-119.0,-207.0,62.0,0
1794,-114.0,-207.0,62.0,0
1795,-111.0,-211.0,64.0,0
1796,-114.0,-211.0,64.0,0
1797,-112.0,-214.0,64.0,0
1798,-109.0,-216.0,64.0,0
1799,-113.0,-211.0,63.0,0
1800,-114.0,-216.0,59.0,0
1801,-109.0,-214.0,62.0,0
1802,-114.0,-212.0,61.0,0
1803,-111.0,-216.0,55.0,0
1804,-108.0,-212.0,63.0,0
1805,-109.0,-215.0,61.0,0
1806,-104.0,-220.0,62.0,0
1807,-105.0,-213.0,62.0,0
1808,-110.0,-217.0,60.0,0
1809,-106.0,-214.0,60.0,0
1810,-105.0,-218.0,62.0,0
1811,-108.0,-217.0,61.0,0
1812,-104.0,-218.0,59.0,0
1813,-104.0,-220.0,55.0,0
1814,-100.0,-219.0,58.0,0
1815,-100.0,-222.0,56.0,0
1816,-94.0,-220.0,53.0,0
1817,-96.0,-219.0,54.0,0
1818,-94.0,-221.0,54.0,0
1819,-89.0,-202.0,54.0,0
1820,-84.0,-222.0,47.0,0
1821,-87.0,-222.0,52.0,0
1822,-82.0,-220.0,49.0,0
1823,-81.0,-225.0,50.0,0
1824,-78.0,-228.0,50.0,0
1825,-77.0,-222.0,51.0,0
1826,-78.0,-227.0,50.0,0
1827,-73.0,-231.0,50.0,0
1828,-73.0,-226.0,48.0,0
1829,-71.0,-228.0,49.0,0
1830,-71.0,-229.0,48.0,0
1831,-71.0,-229.0,47.0,0
1832,-72.0,-229.0,48.0,0
1833,-70.0,-231.0,46.0,0
1834,-68.0,-233.0,39.0,0
1835,-65.0,-232.0,39.0,0
1836,-64.0,-235.0,39.0,0
1837,-66.0,-230.0,37.0,0
1838,-63.0,-234.0,35.0,0
1839,-64.0,-235.0,35.0,0
1840,-61.0,-235.0,35.0,0
1841,-60.0,-236.0,34.0,0
1842,-61.0,-237.0,36.0,0
1843,-59.0,-236.0,37.0,0
1844,-58.0,-239.0,37.0,0
1845,-58.0,-236.0,37.0,0
1846,-55.0,-239.0,40.0,0
1847,-57.0,-239.0,36.0,0
1848,-55.0,-237.0,36.0,0
1849,-52.0,-238.0,40.0,0
1850,-55.0,-238.0,36.0,0
1851,-55.0,-239.0,33.0,0
1852,-48.0,-240.0,36.0,0
1853,-51.0,-236.0,35.0,0
1854,-51.0,-239.0,29.0,0
1855,-48.0,-238.0,28.0,0
1856,-50.0,-240.0,32.0,0
1857,-49.0,-239.0,30.0,0
1858,-51.0,-237.0,30.0,0
1859,-47.0,-244.0,31.0,0
1860,-47.0,-239.0,33.0,0
1861,-48.0,-244.0,33.0,0
1862,-48.0,-241.0,30.0,0
1863,-46.0,-243.0,33.0,0
1864,-45.0,-241.0,35.0,0
1865,-41.0,-246.0,35.0,0
1866,-46.0,-245.0,28.0,0
1867,-46.0,-246.0,33.0,0
1868,-47.0,-250.0,34.0,0
1869,-48.0,-246.0,32.0,0
1870,-50.0,-246.0,34.0,0
1871,-51.0,-246.0,38.0,0
1872,-49.0,-249.0,35.0,0
1873,-51.0,-249.0,39.0,0
1874,-52.0,-243.0,46.0,0
1875,-52.0,-250.0,34.0,0
1876,-53.0,-250.0,30.0,0
1877,-51.0,-249.0,27.0,0
1878,-53.0,-248.0,29.0,0
1879,-49.0,-249.0,23.0,0
1880,-50.0,-247.0,22.0,0
1881,-50.0,-250.0,21.0,0
1882,-54.0,-246.0,24.0,0
1883,-46.0,-247.0,25.0,0
1884,-49.0,-239.0,27.0,0
1885,-42.0,-249.0,25.0,0
1886,-41.0,-246.0,26.0,0
1887,-40.0,-246.0,28.0,0
1888,-39.0,-242.0,30.0,0
1889,-34.0,-244.0,29.0,0
1890,-32.0,-246.0,28.0,0
1891,-33.0,-244.0,32.0,0
1892,-29.0,-246.0,30.0,0
1893,-25.0,-247.0,30.0,0
1894,-29.0,-247.0,29.0,0
1895,-26.0,-248.0,29.0,0
1896,-21.0,-246.0,28.0,0
1897,-18.0,-247.0,25.0,0
1898,-16.0,-247.0,28.0,0
1899,-15.0,-247.0,30.0,0
1900,-16.0,-243.0,22.0,0
1901,-16.0,-245.0,24.0,0
1902,-16.0,-246.0,24.0,0
1903,-16.0,-246.0,22.0,0
1904,-17.0,-245.0,20.0,0
1905,-16.0,-248.0,27.0,0
1906,-17.0,-249.0,24.0,0
1907,-14.0,-247.0,19.0,0
1908,-15.0,-248.0,25.0,0
1909,-12.0,-249.0,17.0,0
1910,-13.0,-250.0,21.0,0
1911,-17.0,-252.0,24.0,0
1912,-15.0,-252.0,28.0,0
1913,-15.0,-250.0,24.0,0
1914,-16.0,-254.0,26.0,0
1915,-16.0,-248.0,24.0,0
1916,-15.0,-254.0,29.0,0
1917,-11.0,-250.0,25.0,0
1918,-17.0,-253.0,30.0,0
1919,-7.0,-254.0,33.0,0
1920,1.0,-258.0,31.0,0
1921,-5.0,-249.0,31.0,0
1922,-15.0,-247.0,37.0,0
1923,-8.0,-246.0,30.0,0
1924,-6.0,-247.0,38.0,0
1925,-5.0,-244.0,36.0,0
1926,-3.0,-244.0,31.0,0
1927,0.0,-241.0,31.0,0
1928,0.0,-241.0,28.0,0
1929,0.0,-244.0,28.0,0
1930,-4.0,-242.0,33.0,0
1931,0.0,-242.0,29.0,0
1932,0.0,-241.0,29.0,0
1933,2.0,-246.0,25.0,0
1934,0.0,-245.0,26.0,0
1935,1.0,-248.0,34.0,0
1936,1.0,-247.0,30.0,0
1937,1.0,-247.0,27.0,0
1938,1.0,-246.0,26.0,0
1939,-1.0,-245.0,28.0,0
1940,0.0,-249.0,27.0,0
1941,-1.0,-248.0,26.0,0
1942,0.0,-247.0,25.0,0
1943,0.0,-248.0,25.0,0
1944,-2.0,-250.0,21.0,0
1945,-4.0,-251.0,22.0,0
1946,-4.0,-249.0,22.0,0
1947,-2.0,-248.0,25.0,0
1948,-9.0,-247.0,22.0,0
1949,-6.0,-248.0,25.0,0
1950,-8.0,-246.0,25.0,0
1951,-5.0,-245.0,24.0,0
1952,-8.0,-243.0,23.0,0
1953,-9.0,-243.0,22.0,0
1954,-9.0,-243.0,22.0,0
1955,-9.0,-245.0,20.0,0
1956,-5.0,-245.0,20.0,0
1957,-3.0,-246.0,21.0,0
1958,-1.0,-245.0,21.0,0
1959,0.0,-246.0,21.0,0
1960,-2.0,-247.0,20.0,0
1961,-3.0,-248.0,18.0,0
1962,-3.0,-246.0,15.0,0
1963,0.0,-246.0,17.0,0
1964,2.0,-245.0,18.0,0
1965,2.0,-246.0,12.0,0
1966,2.0,-244.0,12.0,0
1967,3.0,-245.0,17.0,0
1968,2.0,-250.0,18.0,0
1969,3.0,-246.0,17.0,0
1970,2.0,-246.0,17.0,0
1971,1.0,-247.0,17.0,0
1972,2.0,-249.0,20.0,0
1973,2.0,-249.0,16.0,0
1974,3.0,-249.0,14.0,0
1975,6.0,-248.0,17.0,0
1976,3.0,-247.0,17.0,0
1977,2.0,-247.0,11.0,0
1978,4.0,-247.0,13.0,0
1979,2.0,-243.0,15.0,0
1980,10.0,-243.0,15.0,0
1981,6.0,-245.0,16.0,0
1982,3.0,-244.0,17.0,0
1983,6.0,-245.0,21.0,0
1984,8.0,-247.0,19.0,0
1985,7.0,-248.0,20.0,0
1986,9.0,-248.0,19.0,0
1987,11.0,-246.0,17.0,0
1988,9.0,-243.0,14.0,0
1989,12.0,-248.0,20.0,0
1990,9.0,-247.0,24.0,0
1991,13.0,-247.0,25.0,0
1992,12.0,-248.0,20.0,0
1993,11.0,-248.0,22.0,0
1994,12.0,-247.0,22.0,0
1995,9.0,-246.0,19.0,0
1996,10.0,-250.0,14.0,0
1997,9.0,-247.0,14.0,0
1998,7.0,-251.0,14.0,0
1999,8.0,-249.0,13.0,0
2000,6.0,-250.0,14.0,0
2001,9.0,-250.0,14.0,0
2002,4.0,-249.0,10.0,0
2003,5.0,-251.0,10.0,0
2004,5.0,-249.0,16.0,0
2005,6.0,-249.0,16.0,0
2006,6.0,-250.0,12.0,0
2007,8.0,-248.0,9.0,0
2008,8.0,-249.0,11.0,0
2009,9.0,-250.0,13.0,0
2010,9.0,-245.0,10.0,0
2011,12.0,-247.0,14.0,0
2012,7.0,-245.0,11.0,0
2013,11.0,-244.0,10.0,0
2014,11.0,-247.0,16.0,0
2015,13.0,-247.0,10.0,0
2016,14.0,-246.0,15.0,0
2017,16.0,-244.0,17.0,0
2018,17.0,-248.0,18.0,0
2019,16.0,-246.0,15.0,0
2020,17.0,-248.0,14.0,0
2021,15.0,-251.0,15.0,0
2022,17.0,-249.0,15.0,0
2023,17.0,-249.0,19.0,0
2024,17.0,-247.0,14.0,0
2025,15.0,-250.0,14.0,0
2026,12.0,-248.0,13.0,0
2027,13.0,-250.0,15.0,0
2028,14.0,-248.0,18.0,0
2029,16.0,-245.0,18.0,0
2030,14.0,-247.0,17.0,0
2031,13.0,-246.0,20.0,0
2032,14.0,-248.0,16.0,0
2033,10.0,-246.0,17.0,0
2034,12.0,-251.0,21.0,0
2035,14.0,-249.0,16.0,0
2036,12.0,-246.0,11.0,0
2037,7.0,-250.0,18.0,0
2038,11.0,-252.0,17.0,0
2039,4.0,-251.0,21.0,0
2040,4.0,-248.0,17.0,0
2041,5.0,-247.0,15.0,0
2042,6.0,-247.0,13.0,0
2043,7.0,-250.0,14.0,0
2044,9.0,-248.0,-1.0,0
2045,5.0,-251.0,9.0,0
2046,3.0,-250.0,9.0,0
2047,4.0,-246.0,9.0,0
2048,8.0,-245.0,9.0,0
2049,4.0,-249.0,7.0,0
2050,7.0,-245.0,5.0,0
2051,6.0,-244.0,9.0,0
2052,6.0,-245.0,5.0,0
2053,8.0,-244.0,3.0,0
2054,6.0,-244.0,2.0,0
2055,8.0,-245.0,3.0,0
2056,8.0,-248.0,5.0,0
2057,12.0,-247.0,7.0,0
2058,10.0,-247.0,8.0,0
2059,13.0,-250.0,9.0,0
2060,12.0,-246.0,10.0,0
2061,9.0,-249.0,6.0,0
2062,12.0,-250.0,9.0,0
2063,12.0,-249.0,11.0,0
2064,13.0,-247.0,10.0,0
2065,9.0,-248.0,16.0,0
2066,12.0,-248.0,7.0,0
2067,13.0,-250.0,14.0,0
2068,11.0,-248.0,13.0,0
2069,10.0,-245.0,15.0,0
2070,9.0,-251.0,14.0,0
2071,10.0,-248.0,13.0,0
2072,8.0,-253.0,14.0,0
2073,6.0,-254.0,12.0,0
2074,7.0,-252.0,11.0,0
2075,3.0,-247.0,11.0,0
2076,4.0,-249.0,12.0,0
2077,2.0,-250.0,16.0,0
2078,2.0,-251.0,12.0,0
2079,4.0,-253.0,13.0,0
2080,2.0,-251.0,15.0,0
2081,1.0,-252.0,8.0,0
2082,1.0,-252.0,12.0,0
2083,1.0,-250.0,13.0,0
2084,1.0,-249.0,14.0,0
2085,1.0,-251.0,10.0,0
2086,1.0,-247.0,13.0,0
2087,4.0,-249.0,11.0,0
2088,4.0,-248.0,14.0,0
2089,4.0,-248.0,10.0,0
2090,4.0,-248.0,11.0,0
2091,4.0,-246.0,11.0,0
2092,4.0,-249.0,12.0,0
2093,3.0,-249.0,13.0,0
2094,4.0,-250.0,13.0,0
2095,2.0,-250.0,10.0,0
2096,6.0,-251.0,11.0,0
2097,5.0,-246.0,11.0,0
2098,6.0,-248.0,7.0,0
2099,5.0,-248.0,12.0,0
2100,3.0,-248.0,12.0,0
2101,6.0,-249.0,15.0,0
2102,4.0,-253.0,13.0,0
2103,3.0,-250.0,12.0,0
2104,1.0,-250.0,13.0,0
2105,3.0,-248.0,14.0,0
2106,4.0,-249.0,13.0,0
2107,6.0,-251.0,10.0,0
2108,3.0,-250.0,13.0,0
2109,2.0,-250.0,13.0,0
2110,1.0,-248.0,10.0,0
2111,3.0,-251.0,12.0,0
2112,1.0,-250.0,11.0,0
2113,1.0,-250.0,11.0,0
2114,0.0,-249.0,11.0,0
2115,3.0,-250.0,15.0,0
2116,0.0,-250.0,11.0,0
2117,1.0,-251.0,11.0,0
2118,0.0,-247.0,13.0,0
2119,6.0,-249.0,21.0,0
2120,1.0,-248.0,12.0,0
2121,1.0,-251.0,17.0,0
2122,2.0,-248.0,11.0,0
2123,-1.0,-248.0,10.0,0
2124,1.0,-253.0,10.0,0
2125,0.0,-247.0,10.0,0
2126,-1.0,-247.0,12.0,0
2127,0.0,-247.0,13.0,0
2128,0.0,-247.0,7.0,0
2129,0.0,-251.0,6.0,0
2130,0.0,-249.0,13.0,0
2131,0.0,-246.0,11.0,0
2132,1.0,-253.0,8.0,0
2133,1.0,-249.0,9.0,0
2134,1.0,-249.0,8.0,0
2135,1.0,-247.0,6.0,0
2136,1.0,-249.0,10.0,0
2137,0.0,-249.0,11.0,0
2138,3.0,-249.0,10.0,0
2139,1.0,-251.0,15.0,0
2140,2.0,-250.0,13.0,0
2141,1.0,-246.0,14.0,0
2142,2.0,-247.0,10.0,0
2143,1.0,-246.0,11.0,0
2144,4.0,-251.0,10.0,0
2145,1.0,-248.0,13.0,0
2146,5.0,-250.0,10.0,0
2147,2.0,-248.0,10.0,0
2148,1.0,-249.0,15.0,0
2149,3.0,-250.0,8.0,0
2150,3.0,-250.0,12.0,0
2151,2.0,-250.0,13.0,0
2152,4.0,-246.0,11.0,0
2153,3.0,-248.0,9.0,0
2154,1.0,-247.0,14.0,0
2155,3.0,-250.0,10.0,0
2156,4.0,-250.0,13.0,0
2157,2.0,-248.0,10.0,0
2158,3.0,-248.0,10.0,0
2159,2.0,-248.0,12.0,0
2160,1.0,-244.0,11.0,0
2161,1.0,-247.0,12.0,0
2162,1.0,-249.0,17.0,0
2163,1.0,-248.0,9.0,0
2164,1.0,-245.0,11.0,0
2165,0.0,-251.0,11.0,0
2166,0.0,-247.0,13.0,0
2167,2.0,-253.0,10.0,0
2168,0.0,-248.0,12.0,0
2169,-2.0,-246.0,11.0,0
2170,1.0,-249.0,13.0,0
2171,-3.0,-248.0,15.0,0
2172,1.0,-247.0,13.0,0
2173,0.0,-249.0,15.0,0
2174,1.0,-248.0,12.0,0
2175,1.0,-249.0,10.0,0
2176,1.0,-250.0,13.0,0
2177,1.0,-248.0,11.0,0
2178,-1.0,-249.0,12.0,0
2179,1.0,-247.0,12.0,0
2180,0.0,-251.0,10.0,0
2181,0.0,-250.0,13.0,0
2182,-3.0,-244.0,9.0,0
2183,-4.0,-249.0,12.0,0
2184,0.0,-246.0,11.0,0
2185,0.0,-249.0,12.0,0
2186,0.0,-247.0,8.0,0
2187,1.0,-252.0,13.0,0
2188,1.0,-251.0,11.0,0
2189,1.0,-245.0,11.0,0
2190,0.0,-247.0,10.0,0
2191,0.0,-250.0,9.0,0
2192,0.0,-250.0,9.0,0
2193,-2.0,-248.0,5.0,0
2194,3.0,-240.0,13.0,0
2195,0.0,-249.0,9.0,0
2196,0.0,-247.0,7.0,0
2197,1.0,-249.0,9.0,0
2198,2.0,-249.0,10.0,0
2199,-1.0,-247.0,15.0,0
2200,0.0,-249.0,14.0,0
2201,0.0,-250.0,11.0,0
2202,1.0,-246.0,12.0,0
2203,3.0,-249.0,13.0,0
2204,1.0,-243.0,6.0,0
2205,1.0,-247.0,11.0,0
2206,2.0,-247.0,9.0,0
2207,1.0,-248.0,14.0,0
2208,0.0,-247.0,16.0,0
2209,1.0,-246.0,13.0,0
2210,1.0,-248.0,13.0,0
2211,0.0,-248.0,12.0,0
2212,0.0,-246.0,13.0,0
2213,0.0,-251.0,14.0,0
2214,-2.0,-249.0,10.0,0
2215,0.0,-248.0,18.0,0
2216,0.0,-250.0,15.0,0
2217,0.0,-250.0,12.0,0
2218,0.0,-246.0,16.0,0
2219,0.0,-249.0,13.0,0
2220,1.0,-248.0,18.0,0
2221,1.0,-249.0,10.0,0
2222,0.0,-247.0,16.0,0
2223,1.0,-249.0,15.0,0
2224,1.0,-246.0,16.0,0
2225,-2.0,-250.0,15.0,0
2226,1.0,-250.0,18.0,0
2227,2.0,-248.0,15.0,0
2228,0.0,-246.0,10.0,0
2229,0.0,-245.0,17.0,0
2230,1.0,-249.0,13.0,0
2231,2.0,-249.0,14.0,0
2232,-1.0,-252.0,15.0,0
2233,3.0,-250.0,14.0,0
2234,0.0,-252.0,12.0,0
2235,2.0,-251.0,14.0,0
2236,1.0,-249.0,11.0,0
2237,1.0,-246.0,11.0,0
2238,0.0,-249.0,15.0,0
2239,1.0,-250.0,15.0,0
2240,1.0,-250.0,15.0,0
2241,0.0,-248.0,17.0,0
2242,0.0,-247.0,18.0,0
2243,3.0,-248.0,14.0,0
2244,1.0,-249.0,13.0,0
2245,1.0,-247.0,14.0,0
2246,2.0,-248.0,15.0,0
2247,-2.0,-244.0,13.0,0
2248,0.0,-250.0,13.0,0
2249,4.0,-247.0,11.0,0
2250,0.0,-248.0,13.0,0
2251,2.0,-249.0,14.0,0
2252,0.0,-245.0,16.0,0
2253,1.0,-248.0,16.0,0
2254,1.0,-248.0,7.0,0
2255,0.0,-250.0,16.0,0
2256,0.0,-249.0,15.0,0
2257,0.0,-249.0,15.0,0
2258,1.0,-250.0,30.0,0
2259,0.0,-250.0,17.0,0
2260,1.0,-247.0,18.0,0
2261,2.0,-252.0,16.0,0
2262,1.0,-249.0,17.0,0
2263,2.0,-249.0,9.0,0
2264,4.0,-247.0,12.0,0
2265,1.0,-249.0,14.0,0
2266,2.0,-246.0,15.0,0
2267,2.0,-248.0,14.0,0
2268,4.0,-248.0,17.0,0
2269,3.0,-250.0,14.0,0
2270,1.0,-250.0,15.0,0
2271,1.0,-245.0,14.0,0
2272,0.0,-245.0,15.0,0
2273,2.0,-248.0,16.0,0
2274,2.0,-250.0,16.0,0
2275,3.0,-249.0,15.0,0
2276,1.0,-250.0,17.0,0
2277,0.0,-248.0,18.0,0
2278,4.0,-248.0,15.0,0
2279,3.0,-247.0,17.0,0
2280,3.0,-250.0,16.0,0
2281,2.0,-245.0,18.0,0
2282,1.0,-249.0,15.0,0
2283,0.0,-246.0,16.0,0
2284,2.0,-246.0,16.0,0
2285,0.0,-247.0,18.0,0
2286,1.0,-246.0,21.0,0
2287,0.0,-247.0,15.0,0
2288,0.0,-249.0,21.0,0
2289,2.0,-251.0,16.0,0
2290,0.0,-250.0,20.0,0
2291,1.0,-249.0,13.0,0
2292,1.0,-246.0,18.0,0
2293,1.0,-249.0,20.0,0
2294,-1.0,-248.0,20.0,0
2295,2.0,-246.0,22.0,0
2296,-1.0,-248.0,22.0,0
2297,-1.0,-248.0,23.0,0
2298,2.0,-246.0,24.0,0
2299,-1.0,-247.0,23.0,0
2300,1.0,-246.0,25.0,0
2301,0.0,-247.0,24.0,0
2302,0.0,-248.0,23.0,0
2303,2.0,-250.0,25.0,0
2304,1.0,-249.0,22.0,0
2305,0.0,-249.0,24.0,0
2306,1.0,-247.0,23.0,0
2307,0.0,-247.0,20.0,0
2308,-1.0,-249.0,22.0,0
2309,3.0,-250.0,22.0,0
2310,1.0,-249.0,24.0,0
2311,1.0,-247.0,19.0,0
2312,2.0,-249.0,24.0,0
2313,2.0,-247.0,25.0,0
2314,0.0,-247.0,21.0,0
2315,3.0,-249.0,24.0,0
2316,0.0,-247.0,22.0,0
2317,1.0,-247.0,27.0,0
2318,2.0,-247.0,23.0,0
2319,0.0,-247.0,23.0,0
2320,3.0,-246.0,21.0,0
2321,0.0,-249.0,22.0,0
2322,1.0,-247.0,23.0,0
2323,0.0,-247.0,25.0,0
2324,0.0,-246.0,25.0,0
2325,0.0,-244.0,20.0,0
2326,0.0,-247.0,25.0,0
2327,1.0,-248.0,26.0,0
2328,1.0,-247.0,26.0,0
2329,1.0,-246.0,25.0,0
2330,-1.0,-248.0,27.0,0
2331,0.0,-244.0,23.0,0
2332,-1.0,-247.0,27.0,0
2333,1.0,-249.0,27.0,0
2334,0.0,-249.0,24.0,0
2335,1.0,-247.0,26.0,0
2336,1.0,-245.0,25.0,0
2337,0.0,-247.0,25.0,0
2338,0.0,-248.0,26.0,0
2339,0.0,-247.0,26.0,0
2340,0.0,-245.0,30.0,0
2341,-2.0,-247.0,27.0,0
2342,0.0,-245.0,25.0,0
2343,0.0,-247.0,30.0,0
2344,1.0,-249.0,27.0,0
2345,0.0,-245.0,27.0,0
2346,1.0,-246.0,27.0,0
2347,0.0,-249.0,27.0,0
2348,1.0,-245.0,31.0,0
2349,0.0,-249.0,31.0,0
2350,1.0,-250.0,26.0,0
2351,1.0,-248.0,31.0,0
2352,0.0,-250.0,26.0,0
2353,0.0,-249.0,28.0,0
2354,2.0,-245.0,28.0,0
2355,2.0,-244.0,31.0,0
2356,1.0,-249.0,30.0,0
2357,1.0,-247.0,31.0,0
2358,0.0,-243.0,27.0,0
2359,1.0,-248.0,29.0,0
2360,1.0,-245.0,26.0,0
2361,1.0,-249.0,33.0,0
2362,1.0,-243.0,28.0,0
2363,0.0,-246.0,27.0,0
2364,1.0,-246.0,30.0,0
2365,1.0,-246.0,28.0,0
2366,0.0,-246.0,31.0,0
2367,0.0,-248.0,28.0,0
2368,0.0,-247.0,27.0,0
2369,-1.0,-248.0,29.0,0
2370,0.0,-246.0,30.0,0
2371,0.0,-248.0,28.0,0
2372,-2.0,-247.0,30.0,0
2373,0.0,-247.0,30.0,0
2374,0.0,-245.0,27.0,0
2375,0.0,-246.0,27.0,0
2376,0.0,-246.0,29.0,0
2377,-1.0,-246.0,30.0,0
2378,-1.0,-247.0,26.0,0
2379,-1.0,-244.0,25.0,0
2380,0.0,-245.0,30.0,0
2381,0.0,-249.0,30.0,0
2382,0.0,-245.0,29.0,0
2383,1.0,-248.0,28.0,0
2384,-1.0,-248.0,26.0,0
2385,1.0,-245.0,29.0,0
2386,-1.0,-248.0,32.0,0
2387,0.0,-245.0,29.0,0
2388,1.0,-249.0,29.0,0
2389,0.0,-247.0,31.0,0
2390,0.0,-246.0,26.0,0
2391,1.0,-245.0,31.0,0
2392,0.0,-248.0,31.0,0
2393,1.0,-245.0,26.0,0
2394,1.0,-247.0,33.0,0
2395,0.0,-247.0,31.0,0
2396,2.0,-246.0,29.0,0
2397,0.0,-244.0,28.0,0
2398,0.0,-247.0,30.0,0
2399,2.0,-248.0,29.0,0
