,accelerometer_x,accelerometer_y,accelerometer_z,fall
0,-37.0,-254.0,-12.0,0
1,-34.0,-253.0,-8.0,0
2,-37.0,-252.0,-14.0,0
3,-35.0,-252.0,-15.0,0
4,-37.0,-251.0,-12.0,0
5,-32.0,-257.0,-19.0,0
6,-35.0,-253.0,-10.0,0
7,-35.0,-253.0,-16.0,0
8,-34.0,-253.0,-8.0,0
9,-35.0,-254.0,-12.0,0
10,-35.0,-252.0,-14.0,0
11,-33.0,-254.0,-12.0,0
12,-33.0,-254.0,-14.0,0
13,-36.0,-252.0,-15.0,0
14,-35.0,-251.0,-10.0,0
15,-33.0,-254.0,-14.0,0
16,-34.0,-255.0,-12.0,0
17,-36.0,-251.0,-10.0,0
18,-35.0,-254.0,-6.0,0
19,-33.0,-256.0,-13.0,0
20,-34.0,-250.0,-10.0,0
21,-34.0,-252.0,-11.0,0
22,-33.0,-253.0,-11.0,0
23,-30.0,-253.0,-14.0,0
24,-33.0,-250.0,-16.0,0
25,-34.0,-249.0,-10.0,0
26,-36.0,-251.0,-6.0,0
27,-36.0,-247.0,-8.0,0
28,-36.0,-249.0,-10.0,0
29,-35.0,-252.0,-11.0,0
30,-34.0,-249.0,-13.0,0
31,-34.0,-252.0,-10.0,0
32,-36.0,-252.0,-9.0,0
33,-37.0,-252.0,-11.0,0
34,-33.0,-251.0,-11.0,0
35,-37.0,-253.0,-10.0,0
36,-37.0,-253.0,-13.0,0
37,-36.0,-252.0,-9.0,0
38,-33.0,-251.0,-12.0,0
39,-36.0,-251.0,-8.0,0
40,-37.0,-251.0,-8.0,0
41,-34.0,-251.0,-15.0,0
42,-35.0,-250.0,-11.0,0
43,-36.0,-251.0,-14.0,0
44,-37.0,-252.0,-13.0,0
45,-37.0,-254.0,-10.0,0
46,-34.0,-255.0,-10.0,0
47,-37.0,-255.0,-18.0,0
48,-34.0,-256.0,-12.0,0
49,-40.0,-250.0,-18.0,0
50,-33.0,-257.0,-13.0,0
51,-36.0,-257.0,-14.0,0
52,-38.0,-255.0,-12.0,0
53,-37.0,-255.0,-9.0,0
54,-37.0,-254.0,-14.0,0
55,-37.0,-255.0,-15.0,0
56,-38.0,-254.0,-13.0,0
57,-35.0,-253.0,-14.0,0
58,-38.0,-252.0,-12.0,0
59,-39.0,-252.0,-16.0,0
60,-32.0,-254.0,-10.0,0
61,-38.0,-255.0,-10.0,0
62,-36.0,-256.0,-11.0,0
63,-38.0,-255.0,-13.0,0
64,-34.0,-254.0,-15.0,0
65,-39.0,-251.0,-15.0,0
66,-36.0,-251.0,-13.0,0
67,-35.0,-253.0,-12.0,0
68,-35.0,-250.0,-12.0,0
69,-34.0,-252.0,-11.0,0
70,-32.0,-255.0,-10.0,0
71,-34.0,-253.0,-10.0,0
72,-36.0,-249.0,-12.0,0
73,-33.0,-254.0,-10.0,0
74,-34.0,-252.0,-7.0,0
75,-35.0,-252.0,-12.0,0
76,-33.0,-255.0,-11.0,0
77,-35.0,-254.0,-11.0,0
78,-33.0,-252.0,-12.0,0
79,-35.0,-252.0,-10.0,0
80,-33.0,-251.0,-10.0,0
81,-33.0,-252.0,-13.0,0
82,-33.0,-255.0,-9.0,0
83,-33.0,-254.0,-8.0,0
84,-32.0,-253.0,-9.0,0
85,-35.0,-253.0,-8.0,0
86,-33.0,-252.0,-8.0,0
87,-35.0,-253.0,-8.0,0
88,-36.0,-253.0,-9.0,0
89,-30.0,-253.0,-15.0,0
90,-34.0,-252.0,-15.0,0
91,-35.0,-254.0,-11.0,0
92,-33.0,-255.0,-11.0,0
93,-35.0,-254.0,-13.0,0
94,-33.0,-253.0,-13.0,0
95,-34.0,-250.0,-14.0,0
96,-34.0,-253.0,-12.0,0
97,-35.0,-255.0,-10.0,0
98,-33.0,-253.0,-12.0,0
99,-34.0,-254.0,-8.0,0
100,-31.0,-254.0,-11.0,0
101,-35.0,-253.0,-14.0,0
102,-32.0,-255.0,-12.0,0
103,-32.0,-255.0,-9.0,0
104,-35.0,-252.0,-10.0,0
105,-33.0,-254.0,-14.0,0
106,-32.0,-255.0,-12.0,0
107,-32.0,-254.0,-11.0,0
108,-32.0,-253.0,-9.0,0
109,-32.0,-254.0,-10.0,0
110,-35.0,-257.0,-9.0,0
111,-31.0,-254.0,-11.0,0
112,-30.0,-254.0,-12.0,0
113,-33.0,-255.0,-11.0,0
114,-36.0,-255.0,-11.0,0
115,-33.0,-251.0,-14.0,0
116,-37.0,-255.0,-10.0,0
117,-33.0,-252.0,-13.0,0
118,-31.0,-253.0,-8.0,0
119,-33.0,-254.0,-13.0,0
120,-33.0,-252.0,-13.0,0
121,-32.0,-254.0,-10.0,0
122,-30.0,-255.0,-11.0,0
123,-31.0,-252.0,-8.0,0
124,-31.0,-253.0,-13.0,0
125,-33.0,-251.0,-12.0,0
126,-31.0,-253.0,-16.0,0
127,-30.0,-254.0,-11.0,0
128,-31.0,-256.0,-10.0,0
129,-33.0,-252.0,-11.0,0
130,-31.0,-254.0,-12.0,0
131,-33.0,-255.0,-13.0,0
132,-33.0,-253.0,-9.0,0
133,-35.0,-251.0,-12.0,0
134,-32.0,-255.0,-9.0,0
135,-30.0,-254.0,-9.0,0
136,-31.0,-254.0,-12.0,0
137,-32.0,-252.0,-14.0,0
138,-32.0,-255.0,-9.0,0
139,-31.0,-254.0,-7.0,0
140,-33.0,-253.0,-11.0,0
141,-33.0,-257.0,-8.0,0
142,-34.0,-250.0,-17.0,0
143,-33.0,-253.0,-8.0,0
144,-34.0,-254.0,-9.0,0
145,-35.0,-252.0,-15.0,0
146,-34.0,-253.0,-10.0,0
147,-31.0,-252.0,-7.0,0
148,-34.0,-252.0,-10.0,0
149,-34.0,-252.0,-9.0,0
150,-32.0,-254.0,-12.0,0
151,-29.0,-253.0,-8.0,0
152,-33.0,-254.0,-9.0,0
153,-37.0,-254.0,-10.0,0
154,-33.0,-254.0,-9.0,0
155,-35.0,-251.0,-10.0,0
156,-35.0,-255.0,-9.0,0
157,-33.0,-253.0,-10.0,0
158,-34.0,-252.0,-11.0,0
159,-33.0,-252.0,-9.0,0
160,-33.0,-254.0,-10.0,0
161,-34.0,-255.0,-12.0,0
162,-36.0,-253.0,-10.0,0
163,-32.0,-255.0,-10.0,0
164,-33.0,-254.0,-11.0,0
165,-33.0,-253.0,-13.0,0
166,-34.0,-253.0,-7.0,0
167,-33.0,-254.0,-12.0,0
168,-33.0,-253.0,-11.0,0
169,-32.0,-252.0,-13.0,0
170,-32.0,-254.0,-13.0,0
171,-32.0,-253.0,-12.0,0
172,-33.0,-254.0,-11.0,0
173,-33.0,-253.0,-13.0,0
174,-35.0,-255.0,-10.0,0
175,-32.0,-252.0,-12.0,0
176,-33.0,-252.0,-12.0,0
177,-33.0,-252.0,-11.0,0
178,-32.0,-253.0,-11.0,0
179,-34.0,-250.0,-9.0,0
180,-34.0,-253.0,-10.0,0
181,-32.0,-253.0,-10.0,0
182,-34.0,-249.0,-12.0,0
183,-32.0,-253.0,-7.0,0
184,-32.0,-250.0,-8.0,0
185,-31.0,-253.0,-11.0,0
186,-30.0,-253.0,-9.0,0
187,-30.0,-254.0,-11.0,0
188,-34.0,-255.0,-13.0,0
189,-33.0,-250.0,-10.0,0
190,-33.0,-256.0,-14.0,0
191,-31.0,-253.0,-10.0,0
192,-32.0,-253.0,-9.0,0
193,-33.0,-253.0,-13.0,0
194,-33.0,-252.0,-13.0,0
195,-31.0,-253.0,-14.0,0
196,-35.0,-252.0,-14.0,0
197,-33.0,-254.0,-13.0,0
198,-35.0,-255.0,-11.0,0
199,-34.0,-253.0,-14.0,0
200,-33.0,-254.0,-11.0,0
201,-34.0,-253.0,-12.0,0
202,-35.0,-252.0,-12.0,0
203,-32.0,-253.0,-13.0,0
204,-32.0,-251.0,-12.0,0
205,-30.0,-250.0,-11.0,0
206,-31.0,-251.0,-12.0,0
207,-29.0,-253.0,-10.0,0
208,-33.0,-252.0,-9.0,0
209,-30.0,-253.0,-10.0,0
210,-30.0,-254.0,-15.0,0
211,-32.0,-254.0,-13.0,0
212,-30.0,-257.0,-14.0,0
213,-31.0,-254.0,-15.0,0
214,-29.0,-259.0,-15.0,0
215,-33.0,-259.0,-21.0,0
216,-31.0,-258.0,-16.0,0
217,-30.0,-257.0,-16.0,0
218,-30.0,-257.0,-15.0,0
219,-32.0,-254.0,-15.0,0
220,-28.0,-253.0,-15.0,0
221,-29.0,-256.0,-16.0,0
222,-29.0,-253.0,-12.0,0
223,-28.0,-253.0,-20.0,0
224,-27.0,-256.0,-11.0,0
225,-26.0,-254.0,-11.0,0
226,-28.0,-253.0,-11.0,0
227,-28.0,-254.0,-10.0,0
228,-28.0,-251.0,-14.0,0
229,-29.0,-254.0,-15.0,0
230,-31.0,-254.0,-15.0,0
231,-28.0,-256.0,-12.0,0
232,-29.0,-255.0,-16.0,0
233,-32.0,-253.0,-15.0,0
234,-30.0,-252.0,-13.0,0
235,-29.0,-257.0,-16.0,0
236,-25.0,-256.0,-14.0,0
237,-29.0,-256.0,-17.0,0
238,-26.0,-255.0,-15.0,0
239,-29.0,-255.0,-16.0,0
240,-30.0,-252.0,-15.0,0
241,-30.0,-256.0,-9.0,0
242,-30.0,-254.0,-14.0,0
243,-30.0,-254.0,-13.0,0
244,-31.0,-254.0,-13.0,0
245,-27.0,-256.0,-13.0,0
246,-31.0,-251.0,-13.0,0
247,-29.0,-254.0,-10.0,0
248,-31.0,-251.0,-16.0,0
249,-32.0,-251.0,-13.0,0
250,-31.0,-252.0,-13.0,0
251,-30.0,-252.0,-13.0,0
252,-30.0,-252.0,-13.0,0
253,-32.0,-252.0,-14.0,0
254,-31.0,-256.0,-16.0,0
255,-31.0,-252.0,-14.0,0
256,-31.0,-254.0,-13.0,0
257,-30.0,-254.0,-13.0,0
258,-33.0,-252.0,-16.0,0
259,-32.0,-252.0,-14.0,0
260,-30.0,-255.0,-14.0,0
261,-35.0,-251.0,-15.0,0
262,-35.0,-251.0,-12.0,0
263,-33.0,-252.0,-14.0,0
264,-33.0,-251.0,-14.0,0
265,-33.0,-255.0,-12.0,0
266,-32.0,-253.0,-12.0,0
267,-33.0,-254.0,-12.0,0
268,-31.0,-251.0,-9.0,0
269,-35.0,-252.0,-11.0,0
270,-34.0,-252.0,-15.0,0
271,-31.0,-254.0,-13.0,0
272,-34.0,-253.0,-15.0,0
273,-31.0,-257.0,-16.0,0
274,-29.0,-255.0,-14.0,0
275,-33.0,-253.0,-12.0,0
276,-29.0,-254.0,-17.0,0
277,-32.0,-257.0,-12.0,0
278,-30.0,-254.0,-12.0,0
279,-28.0,-254.0,-11.0,0
280,-28.0,-255.0,-11.0,0
281,-27.0,-255.0,-13.0,0
282,-30.0,-252.0,-11.0,0
283,-29.0,-256.0,-16.0,0
284,-31.0,-255.0,-11.0,0
285,-29.0,-254.0,-15.0,0
286,-31.0,-255.0,-15.0,0
287,-31.0,-254.0,-16.0,0
288,-30.0,-254.0,-17.0,0
289,-29.0,-255.0,-15.0,0
290,-25.0,-255.0,-12.0,0
291,-26.0,-251.0,-19.0,0
292,-27.0,-255.0,-12.0,0
293,-27.0,-252.0,-15.0,0
294,-26.0,-251.0,-16.0,0
295,-28.0,-252.0,-13.0,0
296,-24.0,-252.0,-12.0,0
297,-26.0,-253.0,-13.0,0
298,-23.0,-258.0,-15.0,0
299,-25.0,-254.0,-14.0,0
300,-25.0,-250.0,-15.0,0
301,-27.0,-250.0,-13.0,0
302,-25.0,-253.0,-12.0,0
303,-25.0,-251.0,-17.0,0
304,-27.0,-254.0,-10.0,0
305,-27.0,-254.0,-12.0,0
306,-27.0,-252.0,-12.0,0
307,-26.0,-254.0,-13.0,0
308,-26.0,-255.0,-15.0,0
309,-26.0,-256.0,-14.0,0
310,-28.0,-254.0,-18.0,0
311,-27.0,-252.0,-16.0,0
312,-26.0,-253.0,-16.0,0
313,-27.0,-252.0,-13.0,0
314,-28.0,-251.0,-15.0,0
315,-29.0,-255.0,-13.0,0
316,-25.0,-256.0,-16.0,0
317,-28.0,-253.0,-14.0,0
318,-24.0,-255.0,-15.0,0
319,-26.0,-256.0,-15.0,0
320,-26.0,-253.0,-15.0,0
321,-27.0,-254.0,-15.0,0
322,-25.0,-253.0,-15.0,0
323,-26.0,-253.0,-14.0,0
324,-25.0,-253.0,-12.0,0
325,-27.0,-254.0,-13.0,0
326,-27.0,-251.0,-13.0,0
327,-27.0,-254.0,-11.0,0
328,-26.0,-255.0,-13.0,0
329,-27.0,-253.0,-16.0,0
330,-25.0,-252.0,-11.0,0
331,-26.0,-252.0,-15.0,0
332,-29.0,-252.0,-17.0,0
333,-27.0,-252.0,-11.0,0
334,-29.0,-254.0,-16.0,0
335,-29.0,-255.0,-14.0,0
336,-30.0,-253.0,-12.0,0
337,-26.0,-255.0,-13.0,0
338,-27.0,-255.0,-13.0,0
339,-29.0,-251.0,-14.0,0
340,-27.0,-255.0,-12.0,0
341,-29.0,-256.0,-13.0,0
342,-26.0,-255.0,-12.0,0
343,-29.0,-253.0,-15.0,0
344,-32.0,-253.0,-11.0,0
345,-29.0,-252.0,-9.0,0
346,-30.0,-254.0,-11.0,0
347,-29.0,-254.0,-8.0,0
348,-31.0,-255.0,-9.0,0
349,-27.0,-255.0,-13.0,0
350,-29.0,-252.0,-12.0,0
351,-30.0,-255.0,-9.0,0
352,-30.0,-250.0,-9.0,0
353,-27.0,-256.0,-12.0,0
354,-29.0,-255.0,-11.0,0
355,-28.0,-255.0,-11.0,0
356,-27.0,-255.0,-10.0,0
357,-31.0,-253.0,-12.0,0
358,-32.0,-255.0,-8.0,0
359,-31.0,-253.0,-9.0,0
360,-30.0,-254.0,-11.0,0
361,-31.0,-255.0,-9.0,0
362,-27.0,-256.0,-10.0,0
363,-31.0,-253.0,-8.0,0
364,-29.0,-254.0,-9.0,0
365,-28.0,-256.0,-9.0,0
366,-30.0,-255.0,-8.0,0
367,-30.0,-254.0,-6.0,0
368,-26.0,-255.0,-12.0,0
369,-26.0,-253.0,-8.0,0
370,-27.0,-255.0,-10.0,0
371,-27.0,-255.0,-6.0,0
372,-26.0,-257.0,-9.0,0
373,-25.0,-255.0,-13.0,0
374,-26.0,-255.0,-14.0,0
375,-27.0,-257.0,-7.0,0
376,-26.0,-254.0,-5.0,0
377,-25.0,-254.0,-8.0,0
378,-26.0,-256.0,-6.0,0
379,-27.0,-256.0,-7.0,0
380,-25.0,-256.0,-12.0,0
381,-26.0,-254.0,-7.0,0
382,-26.0,-254.0,-9.0,0
383,-25.0,-254.0,-9.0,0
384,-24.0,-256.0,-8.0,0
385,-26.0,-255.0,-8.0,0
386,-26.0,-254.0,-5.0,0
387,-27.0,-254.0,-2.0,0
388,-25.0,-255.0,-6.0,0
389,-27.0,-251.0,-9.0,0
390,-23.0,-253.0,-6.0,0
391,-24.0,-255.0,-7.0,0
392,-24.0,-257.0,-6.0,0
393,-23.0,-252.0,-6.0,0
394,-25.0,-256.0,-6.0,0
395,-24.0,-256.0,-7.0,0
396,-23.0,-257.0,-4.0,0
397,-24.0,-253.0,-5.0,0
398,-23.0,-254.0,-2.0,0
399,-21.0,-251.0,-4.0,0
400,-21.0,-252.0,-2.0,0
401,-24.0,-254.0,-8.0,0
402,-22.0,-256.0,-8.0,0
403,-26.0,-253.0,-6.0,0
404,-25.0,-255.0,-4.0,0
405,-26.0,-253.0,-7.0,0
406,-26.0,-254.0,-9.0,0
407,-25.0,-255.0,-9.0,0
408,-26.0,-257.0,-6.0,0
409,-26.0,-258.0,-8.0,0
410,-28.0,-256.0,-7.0,0
411,-28.0,-255.0,-7.0,0
412,-30.0,-253.0,-8.0,0
413,-30.0,-253.0,-6.0,0
414,-30.0,-253.0,-6.0,0
415,-28.0,-253.0,-8.0,0
416,-25.0,-254.0,-10.0,0
417,-26.0,-254.0,-13.0,0
418,-26.0,-256.0,-8.0,0
419,-29.0,-252.0,-7.0,0
420,-22.0,-255.0,-8.0,0
421,-27.0,-253.0,-6.0,0
422,-29.0,-253.0,-4.0,0
423,-27.0,-255.0,-8.0,0
424,-26.0,-253.0,-7.0,0
425,-26.0,-253.0,-6.0,0
426,-25.0,-254.0,-5.0,0
427,-23.0,-252.0,-7.0,0
428,-24.0,-253.0,-5.0,0
429,-26.0,-251.0,-4.0,0
430,-25.0,-252.0,-3.0,0
431,-26.0,-253.0,-4.0,0
432,-26.0,-251.0,-7.0,0
433,-27.0,-251.0,-1.0,0
434,-26.0,-253.0,-1.0,0
435,-22.0,-252.0,-5.0,0
436,-26.0,-250.0,-2.0,0
437,-26.0,-251.0,-2.0,0
438,-25.0,-254.0,-1.0,0
439,-24.0,-252.0,-3.0,0
440,-24.0,-251.0,1.0,0
441,-27.0,-252.0,-3.0,0
442,-25.0,-251.0,-4.0,0
443,-24.0,-252.0,-4.0,0
444,-25.0,-255.0,-4.0,0
445,-22.0,-255.0,-6.0,0
446,-23.0,-255.0,-2.0,0
447,-24.0,-253.0,-5.0,0
448,-21.0,-250.0,-4.0,0
449,-21.0,-250.0,-2.0,0
450,-27.0,-253.0,-4.0,0
451,-25.0,-255.0,-1.0,0
452,-24.0,-254.0,0.0,0
453,-26.0,-253.0,1.0,0
454,-25.0,-255.0,-5.0,0
455,-27.0,-249.0,-4.0,0
456,-27.0,-255.0,-1.0,0
457,-28.0,-254.0,-6.0,0
458,-26.0,-256.0,0.0,0
459,-26.0,-255.0,-4.0,0
460,-28.0,-256.0,-6.0,0
461,-28.0,-253.0,-8.0,0
462,-28.0,-257.0,-5.0,0
463,-28.0,-255.0,-5.0,0
464,-27.0,-254.0,-5.0,0
465,-29.0,-250.0,-6.0,0
466,-29.0,-256.0,-6.0,0
467,-29.0,-255.0,-3.0,0
468,-31.0,-253.0,-3.0,0
469,-29.0,-253.0,-5.0,0
470,-31.0,-253.0,-6.0,0
471,-32.0,-253.0,-3.0,0
472,-29.0,-254.0,-6.0,0
473,-32.0,-256.0,-6.0,0
474,-31.0,-255.0,-7.0,0
475,-34.0,-252.0,-4.0,0
476,-29.0,-253.0,-4.0,0
477,-28.0,-254.0,-2.0,0
478,-28.0,-254.0,-6.0,0
479,-30.0,-253.0,-2.0,0
480,-29.0,-253.0,1.0,0
481,-31.0,-254.0,-9.0,0
482,-31.0,-252.0,-5.0,0
483,-24.0,-255.0,-6.0,0
484,-30.0,-254.0,-4.0,0
485,-28.0,-254.0,-3.0,0
486,-27.0,-255.0,-3.0,0
487,-27.0,-254.0,-4.0,0
488,-29.0,-254.0,-7.0,0
489,-29.0,-252.0,-4.0,0
490,-30.0,-252.0,-5.0,0
491,-28.0,-252.0,0.0,0
492,-26.0,-253.0,-5.0,0
493,-29.0,-252.0,-3.0,0
494,-24.0,-250.0,-2.0,0
495,-22.0,-252.0,-7.0,0
496,-31.0,-249.0,-13.0,0
497,-25.0,-252.0,-19.0,0
498,-31.0,-250.0,0.0,0
499,-33.0,-256.0,-1.0,0
500,-27.0,-256.0,3.0,0
501,-16.0,-255.0,3.0,0
502,-31.0,-262.0,1.0,0
503,-26.0,-253.0,-4.0,0
504,-28.0,-253.0,-7.0,0
505,-25.0,-255.0,-6.0,0
506,-25.0,-254.0,-6.0,0
507,-28.0,-253.0,-4.0,0
508,-26.0,-255.0,-4.0,0
509,-27.0,-254.0,-1.0,0
510,-26.0,-255.0,-4.0,0
511,-25.0,-257.0,-5.0,0
512,-26.0,-256.0,-5.0,0
513,-26.0,-256.0,-4.0,0
514,-27.0,-252.0,-5.0,0
515,-28.0,-254.0,-6.0,0
516,-27.0,-253.0,-2.0,0
517,-28.0,-250.0,-5.0,0
518,-24.0,-254.0,-2.0,0
519,-28.0,-251.0,-3.0,0
520,-28.0,-252.0,-2.0,0
521,-28.0,-254.0,-4.0,0
522,-27.0,-253.0,-3.0,0
523,-24.0,-255.0,-6.0,0
524,-28.0,-253.0,-6.0,0
525,-29.0,-254.0,-5.0,0
526,-30.0,-257.0,0.0,0
527,-30.0,-251.0,-5.0,0
528,-27.0,-254.0,-3.0,0
529,-29.0,-256.0,-7.0,0
530,-28.0,-255.0,-6.0,0
531,-28.0,-253.0,-1.0,0
532,-29.0,-250.0,-8.0,0
533,-31.0,-254.0,-2.0,0
534,-28.0,-251.0,-4.0,0
535,-26.0,-253.0,-5.0,0
536,-30.0,-253.0,1.0,0
537,-28.0,-255.0,-4.0,0
538,-27.0,-255.0,-4.0,0
539,-27.0,-255.0,-5.0,0
540,-30.0,-256.0,-7.0,0
541,-29.0,-254.0,-6.0,0
542,-26.0,-256.0,-2.0,0
543,-26.0,-256.0,-8.0,0
544,-32.0,-254.0,-2.0,0
545,-27.0,-256.0,-4.0,0
546,-31.0,-254.0,-5.0,0
547,-30.0,-254.0,-5.0,0
548,-28.0,-252.0,-3.0,0
549,-29.0,-254.0,-10.0,0
550,-28.0,-254.0,-6.0,0
551,-30.0,-253.0,-2.0,0
552,-29.0,-253.0,-2.0,0
553,-30.0,-254.0,-5.0,0
554,-25.0,-254.0,-5.0,0
555,-30.0,-256.0,-8.0,0
556,-28.0,-254.0,-3.0,0
557,-29.0,-253.0,-6.0,0
558,-30.0,-252.0,-7.0,0
559,-29.0,-253.0,-7.0,0
560,-27.0,-251.0,-6.0,0
561,-25.0,-253.0,-1.0,0
562,-29.0,-253.0,-6.0,0
563,-26.0,-253.0,-3.0,0
564,-26.0,-253.0,-4.0,0
565,-29.0,-253.0,-5.0,0
566,-25.0,-252.0,-5.0,0
567,-25.0,-251.0,-2.0,0
568,-26.0,-254.0,-9.0,0
569,-26.0,-253.0,-4.0,0
570,-28.0,-255.0,-5.0,0
571,-29.0,-254.0,-3.0,0
572,-27.0,-253.0,-4.0,0
573,-28.0,-251.0,0.0,0
574,-27.0,-255.0,-2.0,0
575,-28.0,-254.0,-4.0,0
576,-29.0,-254.0,-10.0,0
577,-28.0,-253.0,-3.0,0
578,-31.0,-254.0,-4.0,0
579,-30.0,-251.0,-5.0,0
580,-29.0,-254.0,-2.0,0
581,-30.0,-255.0,-7.0,0
582,-28.0,-251.0,-6.0,0
583,-29.0,-254.0,-2.0,0
584,-29.0,-255.0,-6.0,0
585,-26.0,-255.0,-6.0,0
586,-25.0,-255.0,-8.0,0
587,-28.0,-255.0,-5.0,0
588,-29.0,-254.0,-5.0,0
589,-29.0,-254.0,-8.0,0
590,-27.0,-255.0,-8.0,0
591,-29.0,-253.0,-3.0,0
592,-30.0,-253.0,-5.0,0
593,-27.0,-253.0,-2.0,0
594,-28.0,-252.0,-7.0,0
595,-29.0,-253.0,-4.0,0
596,-27.0,-254.0,-4.0,0
597,-28.0,-251.0,-4.0,0
598,-26.0,-251.0,-1.0,0
599,-31.0,-253.0,-6.0,0
600,-27.0,-252.0,-2.0,0
601,-29.0,-254.0,-5.0,0
602,-29.0,-253.0,-7.0,0
603,-29.0,-255.0,-5.0,0
604,-28.0,-255.0,-7.0,0
605,-31.0,-253.0,-6.0,0
606,-26.0,-254.0,-5.0,0
607,-29.0,-253.0,-7.0,0
608,-29.0,-254.0,-4.0,0
609,-28.0,-253.0,-4.0,0
610,-28.0,-254.0,-4.0,0
611,-29.0,-255.0,-4.0,0
612,-31.0,-252.0,2.0,0
613,-30.0,-254.0,-4.0,0
614,-32.0,-252.0,-5.0,0
615,-29.0,-253.0,-9.0,0
616,-30.0,-252.0,-4.0,0
617,-29.0,-253.0,-2.0,0
618,-28.0,-256.0,-4.0,0
619,-29.0,-252.0,-3.0,0
620,-28.0,-255.0,-5.0,0
621,-31.0,-253.0,-5.0,0
622,-31.0,-255.0,-3.0,0
623,-31.0,-253.0,-2.0,0
624,-30.0,-254.0,-5.0,0
625,-30.0,-255.0,-4.0,0
626,-29.0,-255.0,-6.0,0
627,-30.0,-255.0,-5.0,0
628,-30.0,-250.0,-6.0,0
629,-30.0,-253.0,-1.0,0
630,-33.0,-253.0,-7.0,0
631,-32.0,-252.0,-1.0,0
632,-27.0,-253.0,-4.0,0
633,-30.0,-253.0,-7.0,0
634,-30.0,-252.0,-4.0,0
635,-30.0,-255.0,-3.0,0
636,-28.0,-253.0,-4.0,0
637,-30.0,-252.0,-4.0,0
638,-25.0,-254.0,-5.0,0
639,-28.0,-255.0,-4.0,0
640,-27.0,-254.0,-8.0,0
641,-27.0,-251.0,-3.0,0
642,-29.0,-253.0,0.0,0
643,-29.0,-254.0,-6.0,0
644,-29.0,-253.0,-8.0,0
645,-27.0,-254.0,-5.0,0
646,-30.0,-250.0,-3.0,0
647,-28.0,-252.0,-6.0,0
648,-29.0,-255.0,-2.0,0
649,-28.0,-251.0,-3.0,0
650,-29.0,-254.0,-3.0,0
651,-27.0,-256.0,-6.0,0
652,-30.0,-257.0,-5.0,0
653,-32.0,-252.0,-3.0,0
654,-29.0,-255.0,-5.0,0
655,-31.0,-255.0,-4.0,0
656,-32.0,-256.0,-6.0,0
657,-31.0,-255.0,-3.0,0
658,-28.0,-254.0,-5.0,0
659,-29.0,-252.0,-4.0,0
660,-29.0,-250.0,-3.0,0
661,-29.0,-253.0,-6.0,0
662,-27.0,-254.0,-2.0,0
663,-27.0,-253.0,-7.0,0
664,-28.0,-254.0,-5.0,0
665,-30.0,-253.0,-7.0,0
666,-27.0,-256.0,-6.0,0
667,-27.0,-256.0,-4.0,0
668,-27.0,-256.0,-3.0,0
669,-27.0,-253.0,-5.0,0
670,-28.0,-254.0,-1.0,0
671,-29.0,-253.0,-5.0,0
672,-29.0,-255.0,-5.0,0
673,-27.0,-250.0,-4.0,0
674,-28.0,-253.0,1.0,0
675,-27.0,-256.0,-7.0,0
676,-28.0,-253.0,-7.0,0
677,-31.0,-254.0,-5.0,0
678,-33.0,-252.0,-3.0,0
679,-29.0,-254.0,0.0,0
680,-26.0,-255.0,-8.0,0
681,-28.0,-251.0,-4.0,0
682,-28.0,-254.0,-7.0,0
683,-25.0,-253.0,-4.0,0
684,-28.0,-254.0,-3.0,0
685,-28.0,-253.0,-8.0,0
686,-29.0,-254.0,-4.0,0
687,-26.0,-257.0,-6.0,0
688,-27.0,-255.0,-6.0,0
689,-30.0,-252.0,-8.0,0
690,-28.0,-254.0,-8.0,0
691,-27.0,-257.0,-5.0,0
692,-27.0,-255.0,-9.0,0
693,-28.0,-256.0,-6.0,0
694,-31.0,-253.0,-5.0,0
695,-28.0,-257.0,-9.0,0
696,-27.0,-253.0,-8.0,0
697,-29.0,-254.0,-7.0,0
698,-31.0,-253.0,-6.0,0
699,-29.0,-253.0,-6.0,0
700,-31.0,-254.0,-4.0,0
701,-29.0,-255.0,-5.0,0
702,-29.0,-255.0,-9.0,0
703,-28.0,-253.0,-10.0,0
704,-29.0,-256.0,-9.0,0
705,-31.0,-252.0,-8.0,0
706,-30.0,-253.0,-7.0,0
707,-27.0,-255.0,-5.0,0
708,-30.0,-254.0,-8.0,0
709,-29.0,-252.0,-9.0,0
710,-29.0,-252.0,-9.0,0
711,-29.0,-252.0,-6.0,0
712,-30.0,-253.0,-6.0,0
713,-28.0,-255.0,-7.0,0
714,-34.0,-254.0,-6.0,0
715,-30.0,-253.0,-11.0,0
716,-31.0,-253.0,-8.0,0
717,-28.0,-256.0,-8.0,0
718,-29.0,-252.0,-11.0,0
719,-26.0,-258.0,-8.0,0
720,-28.0,-256.0,-8.0,0
721,-25.0,-251.0,-9.0,0
722,-29.0,-253.0,-9.0,0
723,-28.0,-254.0,-9.0,0
724,-27.0,-251.0,-8.0,0
725,-26.0,-251.0,-10.0,0
726,-29.0,-254.0,-11.0,0
727,-27.0,-258.0,-6.0,0
728,-28.0,-255.0,-8.0,0
729,-28.0,-255.0,-9.0,0
730,-28.0,-252.0,-11.0,0
731,-29.0,-257.0,-12.0,0
732,-30.0,-255.0,-7.0,0
733,-27.0,-256.0,-8.0,0
734,-28.0,-254.0,-9.0,0
735,-30.0,-255.0,-9.0,0
736,-30.0,-251.0,-10.0,0
737,-32.0,-252.0,-9.0,0
738,-28.0,-257.0,-12.0,0
739,-27.0,-255.0,-9.0,0
740,-29.0,-255.0,-8.0,0
741,-29.0,-252.0,-9.0,0
742,-27.0,-254.0,-13.0,0
743,-30.0,-255.0,-12.0,0
744,-30.0,-255.0,-11.0,0
745,-28.0,-256.0,-9.0,0
746,-30.0,-255.0,-7.0,0
747,-30.0,-253.0,-12.0,0
748,-30.0,-252.0,-13.0,0
749,-30.0,-253.0,-11.0,0
750,-31.0,-252.0,-13.0,0
751,-30.0,-255.0,-8.0,0
752,-32.0,-253.0,-10.0,0
753,-31.0,-252.0,-8.0,0
754,-30.0,-254.0,-11.0,0
755,-29.0,-253.0,-9.0,0
756,-31.0,-254.0,-5.0,0
757,-29.0,-256.0,-9.0,0
758,-30.0,-255.0,-9.0,0
759,-31.0,-252.0,-9.0,0
760,-31.0,-256.0,-7.0,0
761,-30.0,-257.0,-7.0,0
762,-28.0,-253.0,-7.0,0
763,-32.0,-255.0,-8.0,0
764,-33.0,-251.0,-11.0,0
765,-31.0,-254.0,-10.0,0
766,-29.0,-252.0,-13.0,0
767,-30.0,-253.0,-12.0,0
768,-30.0,-251.0,-8.0,0
769,-27.0,-254.0,-13.0,0
770,-30.0,-255.0,-11.0,0
771,-30.0,-252.0,-12.0,0
772,-32.0,-251.0,-14.0,0
773,-30.0,-252.0,-11.0,0
774,-29.0,-255.0,-9.0,0
775,-30.0,-252.0,-9.0,0
776,-30.0,-256.0,-8.0,0
777,-28.0,-253.0,-11.0,0
778,-29.0,-254.0,-12.0,0
779,-29.0,-253.0,-9.0,0
780,-29.0,-253.0,-9.0,0
781,-29.0,-254.0,-12.0,0
782,-27.0,-254.0,-12.0,0
783,-29.0,-255.0,-11.0,0
784,-29.0,-255.0,-8.0,0
785,-28.0,-256.0,-8.0,0
786,-28.0,-255.0,-10.0,0
787,-28.0,-255.0,-13.0,0
788,-27.0,-254.0,-12.0,0
789,-25.0,-255.0,-5.0,0
790,-27.0,-256.0,-13.0,0
791,-29.0,-254.0,-9.0,0
792,-25.0,-254.0,-12.0,0
793,-23.0,-254.0,-9.0,0
794,-28.0,-252.0,-7.0,0
795,-26.0,-251.0,-7.0,0
796,-26.0,-253.0,-5.0,0
797,-29.0,-251.0,-8.0,0
798,-27.0,-254.0,-8.0,0
799,-27.0,-252.0,-13.0,0
800,-26.0,-251.0,-9.0,0
801,-28.0,-252.0,-7.0,0
802,-26.0,-253.0,-11.0,0
803,-31.0,-253.0,-9.0,0
804,-26.0,-256.0,-9.0,0
805,-29.0,-254.0,-10.0,0
806,-28.0,-253.0,-8.0,0
807,-29.0,-254.0,-10.0,0
808,-31.0,-254.0,-7.0,0
809,-31.0,-254.0,-11.0,0
810,-33.0,-252.0,-5.0,0
811,-30.0,-253.0,-7.0,0
812,-32.0,-249.0,-5.0,0
813,-32.0,-250.0,-9.0,0
814,-27.0,-252.0,-10.0,0
815,-28.0,-255.0,-10.0,0
816,-33.0,-254.0,-10.0,0
817,-29.0,-253.0,-11.0,0
818,-31.0,-252.0,-8.0,0
819,-32.0,-254.0,-7.0,0
820,-33.0,-253.0,-9.0,0
821,-32.0,-256.0,-8.0,0
822,-34.0,-255.0,-7.0,0
823,-32.0,-253.0,-5.0,0
824,-28.0,-259.0,-8.0,0
825,-32.0,-254.0,-8.0,0
826,-32.0,-255.0,-7.0,0
827,-29.0,-256.0,-8.0,0
828,-33.0,-254.0,-6.0,0
829,-32.0,-252.0,-7.0,0
830,-32.0,-253.0,-8.0,0
831,-30.0,-255.0,-9.0,0
832,-32.0,-251.0,-6.0,0
833,-31.0,-252.0,-8.0,0
834,-32.0,-252.0,-9.0,0
835,-32.0,-250.0,-6.0,0
836,-31.0,-250.0,-9.0,0
837,-31.0,-252.0,-5.0,0
838,-32.0,-253.0,-8.0,0
839,-28.0,-253.0,-8.0,0
840,-29.0,-252.0,-10.0,0
841,-25.0,-253.0,-7.0,0
842,-26.0,-248.0,-8.0,0
843,-26.0,-253.0,-5.0,0
844,-25.0,-254.0,-6.0,0
845,-24.0,-256.0,-7.0,0
846,-25.0,-255.0,-7.0,0
847,-27.0,-254.0,-4.0,0
848,-29.0,-253.0,-8.0,0
849,-25.0,-253.0,-4.0,0
850,-30.0,-248.0,-6.0,0
851,-27.0,-253.0,-7.0,0
852,-26.0,-253.0,-10.0,0
853,-26.0,-254.0,-6.0,0
854,-24.0,-252.0,-6.0,0
855,-28.0,-249.0,-7.0,0
856,-28.0,-254.0,-10.0,0
857,-25.0,-254.0,-7.0,0
858,-28.0,-254.0,-4.0,0
859,-26.0,-256.0,-5.0,0
860,-28.0,-251.0,-5.0,0
861,-25.0,-255.0,-8.0,0
862,-26.0,-256.0,-4.0,0
863,-24.0,-255.0,-9.0,0
864,-31.0,-259.0,-5.0,0
865,-26.0,-257.0,-8.0,0
866,-27.0,-256.0,-10.0,0
867,-26.0,-259.0,-10.0,0
868,-28.0,-256.0,-9.0,0
869,-28.0,-256.0,-10.0,0
870,-28.0,-256.0,-9.0,0
871,-28.0,-254.0,-10.0,0
872,-29.0,-257.0,-8.0,0
873,-27.0,-256.0,-3.0,0
874,-30.0,-257.0,-9.0,0
875,-26.0,-258.0,-7.0,0
876,-27.0,-258.0,-9.0,0
877,-28.0,-257.0,-12.0,0
878,-29.0,-257.0,-7.0,0
879,-33.0,-254.0,-10.0,0
880,-31.0,-254.0,-7.0,0
881,-31.0,-255.0,-6.0,0
882,-32.0,-252.0,-5.0,0
883,-29.0,-252.0,-5.0,0
884,-31.0,-252.0,-4.0,0
885,-29.0,-252.0,-5.0,0
886,-27.0,-252.0,-2.0,0
887,-28.0,-255.0,-8.0,0
888,-27.0,-252.0,-5.0,0
889,-27.0,-252.0,-7.0,0
890,-27.0,-249.0,-5.0,0
891,-27.0,-251.0,-5.0,0
892,-25.0,-249.0,-3.0,0
893,-27.0,-251.0,-3.0,0
894,-26.0,-249.0,-6.0,0
895,-25.0,-252.0,-5.0,0
896,-25.0,-252.0,-4.0,0
897,-24.0,-252.0,0.0,0
898,-25.0,-252.0,-1.0,0
899,-25.0,-263.0,9.0,0
900,-25.0,-251.0,-5.0,0
901,-27.0,-253.0,-9.0,0
902,-28.0,-256.0,-1.0,0
903,-29.0,-253.0,-4.0,0
904,-30.0,-251.0,0.0,0
905,-31.0,-251.0,3.0,0
906,-31.0,-254.0,-4.0,0
907,-28.0,-252.0,-4.0,0
908,-28.0,-251.0,3.0,0
909,-28.0,-251.0,-2.0,0
910,-28.0,-250.0,-2.0,0
911,-29.0,-250.0,-2.0,0
912,-26.0,-253.0,-3.0,0
913,-28.0,-254.0,-5.0,0
914,-24.0,-254.0,3.0,0
915,-28.0,-256.0,-3.0,0
916,-29.0,-252.0,-3.0,0
917,-27.0,-256.0,-2.0,0
918,-28.0,-257.0,-6.0,0
919,-31.0,-256.0,-2.0,0
920,-31.0,-258.0,-6.0,0
921,-31.0,-257.0,0.0,0
922,-30.0,-255.0,-5.0,0
923,-33.0,-252.0,-3.0,0
924,-32.0,-255.0,-5.0,0
925,-31.0,-253.0,-1.0,0
926,-32.0,-254.0,-1.0,0
927,-37.0,-250.0,-6.0,0
928,-35.0,-252.0,-1.0,0
929,-36.0,-250.0,-3.0,0
930,-36.0,-254.0,-5.0,0
931,-31.0,-255.0,-5.0,0
932,-32.0,-254.0,-3.0,0
933,-32.0,-251.0,0.0,0
934,-30.0,-254.0,1.0,0
935,-31.0,-253.0,-4.0,0
936,-30.0,-253.0,-2.0,0
937,-28.0,-256.0,0.0,0
938,-25.0,-255.0,-4.0,0
939,-27.0,-256.0,-3.0,0
940,-23.0,-253.0,-7.0,0
941,-24.0,-255.0,-3.0,0
942,-24.0,-255.0,-4.0,0
943,-20.0,-255.0,-5.0,0
944,-23.0,-253.0,-3.0,0
945,-21.0,-255.0,-3.0,0
946,-21.0,-253.0,-2.0,0
947,-25.0,-251.0,-2.0,0
948,-22.0,-250.0,-4.0,0
949,-23.0,-252.0,-3.0,0
950,-25.0,-252.0,-3.0,0
951,-24.0,-250.0,1.0,0
952,-24.0,-252.0,-2.0,0
953,-23.0,-255.0,-4.0,0
954,-24.0,-258.0,-3.0,0
955,-23.0,-256.0,-3.0,0
956,-26.0,-257.0,-3.0,0
957,-29.0,-255.0,-9.0,0
958,-31.0,-256.0,-10.0,0
959,-28.0,-255.0,-5.0,0
960,-28.0,-251.0,-7.0,0
961,-32.0,-251.0,-5.0,0
962,-27.0,-254.0,-8.0,0
963,-28.0,-252.0,-7.0,0
964,-26.0,-253.0,-3.0,0
965,-30.0,-254.0,-5.0,0
966,-29.0,-254.0,-7.0,0
967,-28.0,-253.0,-7.0,0
968,-30.0,-256.0,-7.0,0
969,-32.0,-253.0,-10.0,0
970,-30.0,-254.0,-8.0,0
971,-32.0,-255.0,-9.0,0
972,-30.0,-254.0,-9.0,0
973,-30.0,-255.0,-9.0,0
974,-45.0,-249.0,2.0,0
975,-42.0,-257.0,-10.0,0
976,-37.0,-244.0,-13.0,0
977,-43.0,-261.0,-8.0,0
978,-25.0,-251.0,-13.0,0
979,-41.0,-256.0,-7.0,0
980,-35.0,-252.0,-4.0,0
981,-32.0,-247.0,-1.0,0
982,-33.0,-252.0,-6.0,0
983,-36.0,-255.0,-6.0,0
984,-38.0,-253.0,-8.0,0
985,-38.0,-251.0,-7.0,0
986,-38.0,-255.0,-9.0,0
987,-38.0,-254.0,-6.0,0
988,-39.0,-254.0,-8.0,0
989,-36.0,-254.0,-12.0,0
990,-37.0,-254.0,-11.0,0
991,-36.0,-255.0,-10.0,0
992,-34.0,-253.0,-8.0,0
993,-36.0,-256.0,-10.0,0
994,-33.0,-254.0,-12.0,0
995,-36.0,-253.0,-10.0,0
996,-34.0,-252.0,-8.0,0
997,-36.0,-253.0,-11.0,0
998,-33.0,-255.0,-8.0,0
999,-33.0,-254.0,-10.0,0
1000,-34.0,-254.0,-6.0,0
1001,-31.0,-253.0,-14.0,0
1002,-32.0,-252.0,-10.0,0
1003,-30.0,-251.0,-8.0,0
1004,-30.0,-253.0,-8.0,0
1005,-29.0,-253.0,-10.0,0
1006,-30.0,-252.0,-12.0,0
1007,-29.0,-250.0,-12.0,0
1008,-30.0,-253.0,-12.0,0
1009,-27.0,-251.0,-6.0,0
1010,-28.0,-254.0,-11.0,0
1011,-29.0,-250.0,-10.0,0
1012,-27.0,-255.0,-12.0,0
1013,-26.0,-250.0,-7.0,0
1014,-27.0,-253.0,-10.0,0
1015,-24.0,-251.0,-7.0,0
1016,-27.0,-252.0,-8.0,0
1017,-23.0,-250.0,-3.0,0
1018,-24.0,-252.0,-11.0,0
1019,-23.0,-252.0,-7.0,0
1020,-23.0,-255.0,-11.0,0
1021,-25.0,-251.0,-5.0,0
1022,-25.0,-253.0,-7.0,0
1023,-23.0,-252.0,-11.0,0
1024,-25.0,-254.0,-8.0,0
1025,-24.0,-255.0,-12.0,0
1026,-23.0,-257.0,-7.0,0
1027,-23.0,-256.0,-11.0,0
1028,-20.0,-257.0,-11.0,0
1029,-21.0,-257.0,-11.0,0
1030,-22.0,-255.0,-8.0,0
1031,-21.0,-255.0,-9.0,0
1032,-19.0,-257.0,-9.0,0
1033,-20.0,-257.0,-8.0,0
1034,-19.0,-255.0,-9.0,0
1035,-20.0,-255.0,-10.0,0
1036,-19.0,-254.0,-12.0,0
1037,-22.0,-252.0,-11.0,0
1038,-20.0,-254.0,-10.0,0
1039,-17.0,-255.0,-12.0,0
1040,-21.0,-253.0,-8.0,0
1041,-22.0,-257.0,-13.0,0
1042,-20.0,-255.0,-6.0,0
1043,-19.0,-256.0,-11.0,0
1044,-20.0,-256.0,-10.0,0
1045,-22.0,-256.0,-8.0,0
1046,-20.0,-255.0,-10.0,0
1047,-20.0,-257.0,-7.0,0
1048,-22.0,-258.0,-14.0,0
1049,-20.0,-258.0,-13.0,0
1050,-20.0,-255.0,-14.0,0
1051,-20.0,-257.0,-15.0,0
1052,-23.0,-255.0,-12.0,0
1053,-21.0,-255.0,-14.0,0
1054,-23.0,-256.0,-9.0,0
1055,-22.0,-256.0,-17.0,0
1056,-26.0,-257.0,-15.0,0
1057,-19.0,-256.0,-12.0,0
1058,-20.0,-256.0,-12.0,0
1059,-22.0,-259.0,-10.0,0
1060,-22.0,-257.0,-16.0,0
1061,-22.0,-257.0,-15.0,0
1062,-20.0,-259.0,-12.0,0
1063,-20.0,-258.0,-15.0,0
1064,-22.0,-259.0,-13.0,0
1065,-19.0,-259.0,-14.0,0
1066,-22.0,-259.0,-13.0,0
1067,-23.0,-259.0,-15.0,0
1068,-23.0,-258.0,-12.0,0
1069,-19.0,-259.0,-11.0,0
1070,-17.0,-259.0,-12.0,0
1071,-17.0,-257.0,-12.0,0
1072,-18.0,-257.0,-12.0,0
1073,-17.0,-257.0,-17.0,0
1074,-18.0,-256.0,-15.0,0
1075,-15.0,-257.0,-10.0,0
1076,-20.0,-257.0,-14.0,0
1077,-18.0,-254.0,-9.0,0
1078,-21.0,-255.0,-13.0,0
1079,-20.0,-256.0,-11.0,0
1080,-20.0,-255.0,-13.0,0
1081,-23.0,-252.0,-14.0,0
1082,-23.0,-255.0,-11.0,0
1083,-25.0,-251.0,-15.0,0
1084,-27.0,-253.0,-8.0,0
1085,-29.0,-255.0,-11.0,0
1086,-24.0,-255.0,-13.0,0
1087,-26.0,-256.0,-11.0,0
1088,-29.0,-256.0,-9.0,0
1089,-27.0,-255.0,-9.0,0
1090,-27.0,-256.0,-10.0,0
1091,-24.0,-252.0,-11.0,0
1092,-24.0,-254.0,-8.0,0
1093,-22.0,-251.0,-7.0,0
1094,-22.0,-251.0,-14.0,0
1095,-21.0,-253.0,-13.0,0
1096,-22.0,-254.0,-15.0,0
1097,-22.0,-253.0,-11.0,0
1098,-23.0,-250.0,-11.0,0
1099,-24.0,-250.0,-10.0,0
1100,-22.0,-253.0,-14.0,0
1101,-23.0,-251.0,-6.0,0
1102,-24.0,-250.0,-13.0,0
1103,-23.0,-253.0,-11.0,0
1104,-23.0,-251.0,-7.0,0
1105,-23.0,-251.0,-12.0,0
1106,-25.0,-249.0,-11.0,0
1107,-24.0,-251.0,-9.0,0
1108,-22.0,-254.0,-10.0,0
1109,-24.0,-251.0,-14.0,0
1110,-24.0,-249.0,-12.0,0
1111,-23.0,-251.0,-10.0,0
1112,-22.0,-249.0,-13.0,0
1113,-22.0,-249.0,-17.0,0
1114,-18.0,-252.0,-11.0,0
1115,-21.0,-249.0,-10.0,0
1116,-17.0,-250.0,-13.0,0
1117,-16.0,-249.0,-13.0,0
1118,-21.0,-251.0,-12.0,0
1119,-22.0,-250.0,-15.0,0
1120,-23.0,-254.0,-16.0,0
1121,-24.0,-251.0,-14.0,0
1122,-22.0,-252.0,-17.0,0
1123,-24.0,-254.0,-18.0,0
1124,-22.0,-253.0,-18.0,0
1125,-23.0,-255.0,-13.0,0
1126,-22.0,-252.0,-17.0,0
1127,-23.0,-253.0,-18.0,0
1128,-22.0,-254.0,-19.0,0
1129,-21.0,-251.0,-16.0,0
1130,-21.0,-251.0,-12.0,0
1131,-17.0,-252.0,-14.0,0
1132,-20.0,-251.0,-13.0,0
1133,-15.0,-257.0,-9.0,0
1134,-17.0,-250.0,-13.0,0
1135,-12.0,-255.0,-12.0,0
1136,-13.0,-251.0,-11.0,0
1137,-13.0,-251.0,-11.0,0
1138,-12.0,-255.0,-10.0,0
1139,-12.0,-255.0,-9.0,0
1140,-14.0,-253.0,-11.0,0
1141,-12.0,-253.0,-14.0,0
1142,-14.0,-252.0,-14.0,0
1143,-12.0,-257.0,-15.0,0
1144,-13.0,-252.0,-14.0,0
1145,-12.0,-253.0,-15.0,0
1146,-16.0,-250.0,-10.0,0
1147,-15.0,-252.0,-10.0,0
1148,-18.0,-252.0,-12.0,0
1149,-19.0,-250.0,-8.0,0
1150,-15.0,-253.0,-9.0,0
1151,-18.0,-252.0,-8.0,0
1152,-20.0,-255.0,-10.0,0
1153,-23.0,-252.0,-11.0,0
1154,-21.0,-254.0,-12.0,0
1155,-24.0,-256.0,-12.0,0
1156,-23.0,-255.0,-17.0,0
1157,-23.0,-254.0,-17.0,0
1158,-22.0,-251.0,-18.0,0
1159,-23.0,-249.0,-14.0,0
1160,-20.0,-252.0,-20.0,0
1161,-22.0,-250.0,-17.0,0
1162,-23.0,-251.0,-21.0,0
1163,-23.0,-246.0,-23.0,0
1164,-22.0,-250.0,-21.0,0
1165,-22.0,-247.0,-21.0,0
1166,-23.0,-251.0,-19.0,0
1167,-21.0,-250.0,-16.0,0
1168,-22.0,-250.0,-18.0,0
1169,-19.0,-255.0,-19.0,0
1170,-20.0,-252.0,-18.0,0
1171,-20.0,-255.0,-16.0,0
1172,-20.0,-255.0,-20.0,0
1173,-19.0,-257.0,-22.0,0
1174,-14.0,-253.0,-20.0,0
1175,-16.0,-254.0,-17.0,0
1176,-15.0,-252.0,-16.0,0
1177,-14.0,-256.0,-17.0,0
1178,-13.0,-253.0,-20.0,0
1179,-12.0,-255.0,-19.0,0
1180,-12.0,-253.0,-14.0,0
1181,-10.0,-257.0,-17.0,0
1182,-12.0,-257.0,-19.0,0
1183,-12.0,-257.0,-20.0,0
1184,-12.0,-256.0,-15.0,0
1185,-13.0,-255.0,-16.0,0
1186,-12.0,-256.0,-20.0,0
1187,-12.0,-257.0,-16.0,0
1188,-12.0,-256.0,-16.0,0
1189,-10.0,-253.0,-15.0,0
1190,-12.0,-252.0,-20.0,0
1191,-12.0,-252.0,-18.0,0
1192,-14.0,-253.0,-18.0,0
1193,-12.0,-255.0,-20.0,0
1194,-12.0,-258.0,-20.0,0
1195,-12.0,-255.0,-17.0,0
1196,-12.0,-256.0,-17.0,0
1197,-12.0,-253.0,-16.0,0
1198,-11.0,-256.0,-15.0,0
1199,-14.0,-256.0,-16.0,0
1200,-11.0,-256.0,-16.0,0
1201,-10.0,-255.0,-15.0,0
1202,-11.0,-257.0,-18.0,0
1203,-10.0,-256.0,-16.0,0
1204,-12.0,-255.0,-23.0,0
1205,-12.0,-256.0,-19.0,0
1206,-12.0,-257.0,-20.0,0
1207,-12.0,-252.0,-19.0,0
1208,-13.0,-253.0,-18.0,0
1209,-12.0,-256.0,-19.0,0
1210,-13.0,-254.0,-19.0,0
1211,-14.0,-254.0,-19.0,0
1212,-15.0,-249.0,-20.0,0
1213,-14.0,-254.0,-20.0,0
1214,-14.0,-251.0,-21.0,0
1215,-15.0,-254.0,-22.0,0
1216,-15.0,-256.0,-19.0,0
1217,-16.0,-253.0,-20.0,0
1218,-18.0,-254.0,-17.0,0
1219,-17.0,-255.0,-20.0,0
1220,-20.0,-250.0,-23.0,0
1221,-14.0,-251.0,-18.0,0
1222,-18.0,-251.0,-18.0,0
1223,-21.0,-249.0,-18.0,0
1224,-14.0,-254.0,-24.0,0
1225,-15.0,-255.0,-25.0,0
1226,-17.0,-254.0,-26.0,0
1227,-18.0,-255.0,-25.0,0
1228,-12.0,-253.0,-29.0,0
1229,-14.0,-248.0,-32.0,0
1230,-14.0,-245.0,-27.0,0
1231,-12.0,-247.0,-29.0,0
1232,-12.0,-245.0,-23.0,0
1233,-13.0,-246.0,-22.0,0
1234,-11.0,-246.0,-25.0,0
1235,-12.0,-246.0,-26.0,0
1236,-11.0,-250.0,-25.0,0
1237,-9.0,-250.0,-26.0,0
1238,-10.0,-251.0,-27.0,0
1239,-6.0,-248.0,-27.0,0
1240,-9.0,-249.0,-27.0,0
1241,-10.0,-249.0,-24.0,0
1242,-6.0,-255.0,-26.0,0
1243,-8.0,-251.0,-27.0,0
1244,-9.0,-256.0,-29.0,0
1245,-9.0,-253.0,-27.0,0
1246,-8.0,-258.0,-27.0,0
1247,-8.0,-256.0,-29.0,0
1248,-10.0,-255.0,-26.0,0
1249,-11.0,-254.0,-29.0,0
1250,-10.0,-253.0,-30.0,0
1251,-12.0,-250.0,-31.0,0
1252,-9.0,-248.0,-32.0,0
1253,-11.0,-249.0,-33.0,0
1254,-11.0,-246.0,-31.0,0
1255,-10.0,-242.0,-31.0,0
1256,-8.0,-244.0,-33.0,0
1257,-8.0,-248.0,-29.0,0
1258,-10.0,-248.0,-26.0,0
1259,-11.0,-251.0,-29.0,0
1260,-10.0,-251.0,-26.0,0
1261,-11.0,-257.0,-25.0,0
1262,-12.0,-259.0,-28.0,0
1263,-8.0,-261.0,-29.0,0
1264,-13.0,-261.0,-22.0,0
1265,-12.0,-262.0,-26.0,0
1266,-13.0,-262.0,-21.0,0
1267,-12.0,-256.0,-28.0,0
1268,-16.0,-260.0,-22.0,0
1269,-16.0,-259.0,-21.0,0
1270,-20.0,-261.0,-23.0,0
1271,-22.0,-262.0,-21.0,0
1272,-22.0,-260.0,-26.0,0
1273,-24.0,-257.0,-27.0,0
1274,-19.0,-251.0,-28.0,0
1275,-19.0,-253.0,-28.0,0
1276,-25.0,-254.0,-21.0,0
1277,-18.0,-257.0,-26.0,0
1278,-25.0,-257.0,-25.0,0
1279,-23.0,-248.0,-27.0,0
1280,-26.0,-247.0,-22.0,0
1281,-22.0,-245.0,-28.0,0
1282,-19.0,-246.0,-25.0,0
1283,-15.0,-245.0,-30.0,0
1284,-15.0,-241.0,-27.0,0
1285,-17.0,-248.0,-31.0,0
1286,-15.0,-247.0,-23.0,0
1287,-13.0,-251.0,-22.0,0
1288,-13.0,-255.0,-24.0,0
1289,-11.0,-260.0,-24.0,0
1290,-11.0,-258.0,-24.0,0
1291,-13.0,-260.0,-25.0,0
1292,-12.0,-260.0,-29.0,0
1293,-14.0,-258.0,-28.0,0
1294,-17.0,-257.0,-27.0,0
1295,-17.0,-253.0,-29.0,0
1296,-13.0,-249.0,-28.0,0
1297,-21.0,-252.0,-26.0,0
1298,-15.0,-249.0,-30.0,0
1299,-21.0,-247.0,-33.0,0
1300,-19.0,-250.0,-30.0,0
1301,-18.0,-248.0,-37.0,0
1302,-16.0,-247.0,-35.0,0
1303,-16.0,-246.0,-36.0,0
1304,-17.0,-245.0,-38.0,0
1305,-14.0,-245.0,-35.0,0
1306,-15.0,-247.0,-39.0,0
1307,-12.0,-248.0,-38.0,0
1308,-12.0,-247.0,-39.0,0
1309,-10.0,-248.0,-36.0,0
1310,-12.0,-248.0,-35.0,0
1311,-10.0,-247.0,-35.0,0
1312,-11.0,-250.0,-32.0,0
1313,-9.0,-248.0,-34.0,0
1314,-8.0,-249.0,-39.0,0
1315,-12.0,-249.0,-36.0,0
1316,-11.0,-248.0,-40.0,0
1317,-11.0,-245.0,-38.0,0
1318,-10.0,-243.0,-41.0,0
1319,-14.0,-240.0,-39.0,0
1320,-12.0,-238.0,-45.0,0
1321,-12.0,-239.0,-39.0,0
1322,-12.0,-240.0,-40.0,0
1323,-13.0,-243.0,-43.0,0
1324,-12.0,-244.0,-40.0,0
1325,-10.0,-246.0,-39.0,0
1326,-13.0,-244.0,-41.0,0
1327,-12.0,-247.0,-39.0,0
1328,-12.0,-250.0,-40.0,0
1329,-11.0,-254.0,-38.0,0
1330,-12.0,-256.0,-37.0,0
1331,-10.0,-256.0,-38.0,0
1332,-11.0,-257.0,-41.0,0
1333,-11.0,-255.0,-38.0,0
1334,-12.0,-258.0,-39.0,0
1335,-10.0,-256.0,-40.0,0
1336,-11.0,-256.0,-43.0,0
1337,-11.0,-256.0,-41.0,0
1338,-7.0,-256.0,-41.0,0
1339,-10.0,-254.0,-39.0,0
1340,-11.0,-254.0,-43.0,0
1341,-10.0,-254.0,-41.0,0
1342,-11.0,-257.0,-37.0,0
1343,-11.0,-255.0,-36.0,0
1344,-11.0,-257.0,-38.0,0
1345,-12.0,-258.0,-34.0,0
1346,-14.0,-258.0,-33.0,0
1347,-13.0,-256.0,-40.0,0
1348,-15.0,-253.0,-38.0,0
1349,-13.0,-253.0,-41.0,0
1350,-18.0,-251.0,-34.0,0
1351,-16.0,-248.0,-36.0,0
1352,-21.0,-250.0,-33.0,0
1353,-20.0,-252.0,-32.0,0
1354,-21.0,-253.0,-29.0,0
1355,-21.0,-255.0,-34.0,0
1356,-20.0,-258.0,-34.0,0
1357,-21.0,-260.0,-36.0,0
1358,-22.0,-258.0,-40.0,0
1359,-25.0,-257.0,-35.0,0
1360,-23.0,-256.0,-33.0,0
1361,-23.0,-252.0,-36.0,0
1362,-24.0,-249.0,-38.0,0
1363,-23.0,-248.0,-35.0,0
1364,-22.0,-250.0,-35.0,0
1365,-23.0,-250.0,-35.0,0
1366,-21.0,-255.0,-37.0,0
1367,-23.0,-257.0,-37.0,0
1368,-21.0,-260.0,-37.0,0
1369,-24.0,-261.0,-30.0,0
1370,-22.0,-267.0,-35.0,0
1371,-23.0,-268.0,-36.0,0
1372,-21.0,-264.0,-36.0,0
1373,-24.0,-264.0,-41.0,0
1374,-23.0,-262.0,-43.0,0
1375,-24.0,-259.0,-47.0,0
1376,-22.0,-257.0,-44.0,0
1377,-22.0,-254.0,-42.0,0
1378,-23.0,-252.0,-43.0,0
1379,-21.0,-256.0,-36.0,0
1380,-21.0,-253.0,-40.0,0
1381,-21.0,-256.0,-37.0,0
1382,-20.0,-257.0,-37.0,0
1383,-14.0,-259.0,-43.0,0
1384,-14.0,-259.0,-44.0,0
1385,-14.0,-257.0,-42.0,0
1386,-13.0,-260.0,-42.0,0
1387,-20.0,-258.0,-45.0,0
1388,-13.0,-259.0,-42.0,0
1389,-16.0,-256.0,-43.0,0
1390,-16.0,-259.0,-44.0,0
1391,-14.0,-258.0,-46.0,0
1392,-17.0,-251.0,-50.0,0
1393,-16.0,-259.0,-42.0,0
1394,-14.0,-257.0,-47.0,0
1395,-17.0,-256.0,-46.0,0
1396,-13.0,-257.0,-47.0,0
1397,-14.0,-256.0,-48.0,0
1398,-16.0,-253.0,-49.0,0
1399,-14.0,-254.0,-46.0,0
1400,-12.0,-253.0,-49.0,0
1401,-15.0,-252.0,-51.0,0
1402,-12.0,-256.0,-50.0,0
1403,-10.0,-259.0,-50.0,0
1404,-12.0,-262.0,-51.0,0
1405,-11.0,-259.0,-50.0,0
1406,-11.0,-260.0,-52.0,0
1407,-10.0,-256.0,-51.0,0
1408,-9.0,-250.0,-51.0,0
1409,-8.0,-242.0,-51.0,0
1410,-9.0,-234.0,-56.0,0
1411,-10.0,-228.0,-56.0,0
1412,-10.0,-220.0,-58.0,0
1413,-9.0,-214.0,-58.0,0
1414,-11.0,-213.0,-60.0,0
1415,-11.0,-209.0,-57.0,0
1416,-10.0,-201.0,-59.0,0
1417,-12.0,-200.0,-56.0,0
1418,-12.0,-198.0,-55.0,0
1419,-14.0,-195.0,-54.0,0
1420,-10.0,-197.0,-53.0,0
1421,-13.0,-193.0,-46.0,0
1422,-12.0,-191.0,-47.0,0
1423,-14.0,-191.0,-45.0,0
1424,-14.0,-193.0,-42.0,0
1425,-14.0,-197.0,-36.0,0
1426,-17.0,-200.0,-39.0,0
1427,-19.0,-209.0,-38.0,0
1428,-22.0,-218.0,-44.0,0
1429,-21.0,-224.0,-41.0,0
1430,-27.0,-235.0,-45.0,0
1431,-23.0,-239.0,-49.0,0
1432,-24.0,-245.0,-51.0,0
1433,-25.0,-245.0,-52.0,0
1434,-25.0,-246.0,-57.0,0
1435,-25.0,-245.0,-56.0,0
1436,-23.0,-240.0,-58.0,0
1437,-19.0,-234.0,-57.0,0
1438,-21.0,-229.0,-52.0,0
1439,-17.0,-222.0,-55.0,0
1440,-20.0,-215.0,-46.0,0
1441,-16.0,-212.0,-48.0,0
1442,-9.0,-207.0,-44.0,0
1443,-12.0,-211.0,-34.0,0
1444,-22.0,-221.0,-38.0,0
1445,-15.0,-224.0,-37.0,0
1446,-21.0,-233.0,-34.0,0
1447,-17.0,-236.0,-41.0,0
1448,-17.0,-233.0,-54.0,0
1449,-17.0,-249.0,-51.0,0
1450,-25.0,-245.0,-48.0,0
1451,-22.0,-248.0,-50.0,0
1452,-30.0,-253.0,-54.0,0
1453,-27.0,-256.0,-53.0,0
1454,-30.0,-255.0,-56.0,0
1455,-27.0,-252.0,-53.0,0
1456,-28.0,-252.0,-55.0,0
1457,-27.0,-246.0,-53.0,0
1458,-28.0,-242.0,-52.0,0
1459,-28.0,-237.0,-51.0,0
1460,-31.0,-235.0,-46.0,0
1461,-31.0,-232.0,-45.0,0
1462,-31.0,-236.0,-44.0,0
1463,-30.0,-238.0,-39.0,0
1464,-35.0,-245.0,-39.0,0
1465,-35.0,-249.0,-41.0,0
1466,-36.0,-252.0,-41.0,0
1467,-42.0,-258.0,-42.0,0
1468,-40.0,-261.0,-44.0,0
1469,-49.0,-267.0,-47.0,0
1470,-51.0,-275.0,-54.0,0
1471,-48.0,-276.0,-59.0,0
1472,-47.0,-283.0,-67.0,0
1473,-48.0,-285.0,-69.0,0
1474,-45.0,-284.0,-71.0,0
1475,-41.0,-279.0,-71.0,0
1476,-36.0,-273.0,-70.0,0
1477,-30.0,-262.0,-67.0,0
1478,-28.0,-252.0,-67.0,0
1479,-25.0,-242.0,-56.0,0
1480,-23.0,-238.0,-50.0,0
1481,-20.0,-234.0,-47.0,0
1482,-17.0,-236.0,-42.0,0
1483,-12.0,-236.0,-39.0,0
1484,-11.0,-238.0,-34.0,0
1485,-5.0,-239.0,-29.0,0
1486,-3.0,-240.0,-32.0,0
1487,-3.0,-243.0,-34.0,0
1488,1.0,-243.0,-36.0,0
1489,0.0,-241.0,-39.0,0
1490,-2.0,-240.0,-39.0,0
1491,1.0,-236.0,-43.0,0
1492,4.0,-235.0,-39.0,0
1493,11.0,-242.0,-39.0,0
1494,10.0,-245.0,-34.0,0
1495,19.0,-251.0,-44.0,0
1496,22.0,-250.0,-42.0,0
1497,24.0,-249.0,-41.0,0
1498,21.0,-242.0,-45.0,0
1499,27.0,-236.0,-41.0,0
1500,30.0,-232.0,-33.0,0
1501,28.0,-222.0,-33.0,0
1502,23.0,-217.0,-34.0,0
1503,22.0,-216.0,-33.0,0
1504,14.0,-210.0,-35.0,0
1505,9.0,-209.0,-47.0,0
1506,14.0,-205.0,-33.0,0
1507,0.0,-207.0,-25.0,0
1508,3.0,-210.0,-29.0,0
1509,-1.0,-207.0,-24.0,0
1510,-1.0,-201.0,-34.0,0
1511,-3.0,-200.0,-31.0,0
1512,-9.0,-195.0,-30.0,0
1513,-5.0,-192.0,-35.0,0
1514,5.0,-191.0,-39.0,0
1515,6.0,-190.0,-40.0,0
1516,4.0,-180.0,-37.0,0
1517,6.0,-177.0,-40.0,0
1518,3.0,-178.0,-38.0,0
1519,10.0,-174.0,-44.0,0
1520,12.0,-165.0,-41.0,0
1521,13.0,-168.0,-43.0,0
1522,14.0,-162.0,-42.0,0
1523,16.0,-156.0,-34.0,0
1524,11.0,-144.0,-36.0,0
1525,13.0,-135.0,-36.0,0
1526,7.0,-128.0,-33.0,0
1527,1.0,-115.0,-31.0,0
1528,3.0,-100.0,-35.0,0
1529,-1.0,-83.0,-30.0,0
1530,7.0,-72.0,-24.0,0
1531,7.0,-64.0,-18.0,0
1532,11.0,-66.0,-14.0,0
1533,13.0,-64.0,-14.0,0
1534,12.0,-69.0,-13.0,0
1535,12.0,-81.0,-5.0,0
1536,9.0,-89.0,-7.0,0
1537,7.0,-103.0,-1.0,0
1538,6.0,-121.0,-3.0,0
1539,5.0,-142.0,-7.0,0
1540,4.0,-172.0,-9.0,0
1541,4.0,-196.0,-15.0,0
1542,5.0,-220.0,-16.0,0
1543,3.0,-246.0,-13.0,0
1544,8.0,-270.0,-21.0,0
1545,7.0,-279.0,-18.0,0
1546,11.0,-282.0,-28.0,0
1547,16.0,-280.0,-29.0,0
1548,21.0,-271.0,-27.0,0
1549,28.0,-261.0,-31.0,0
1550,39.0,-254.0,-28.0,0
1551,40.0,-245.0,-26.0,0
1552,45.0,-237.0,-32.0,0
1553,44.0,-230.0,-30.0,0
1554,41.0,-224.0,-25.0,0
1555,39.0,-221.0,-15.0,0
1556,28.0,-215.0,-4.0,0
1557,20.0,-206.0,6.0,0
1558,14.0,-200.0,8.0,0
1559,4.0,-196.0,17.0,0
1560,-3.0,-186.0,-4.0,0
1561,-4.0,-184.0,-5.0,0
1562,-6.0,-173.0,-23.0,0
1563,-11.0,-161.0,-40.0,2
1564,-12.0,-149.0,-53.0,2
1565,-7.0,-150.0,-52.0,2
1566,7.0,-167.0,-38.0,2
1567,36.0,-191.0,-23.0,2
1568,61.0,-211.0,-12.0,2
1569,81.0,-224.0,-15.0,2
1570,101.0,-226.0,-29.0,2
1571,112.0,-213.0,-35.0,2
1572,117.0,-196.0,-39.0,2
1573,120.0,-173.0,-33.0,2
1574,121.0,-156.0,-40.0,2
1575,116.0,-136.0,-49.0,2
1576,111.0,-131.0,-66.0,2
1577,104.0,-114.0,-74.0,2
1578,121.0,-112.0,-77.0,2
1579,154.0,-130.0,-51.0,2
1580,180.0,-154.0,-5.0,2
1581,181.0,-189.0,22.0,2
1582,125.0,-253.0,24.0,2
1583,97.0,-309.0,36.0,2
1584,77.0,-382.0,72.0,2
1585,32.0,-439.0,178.0,2
1586,7.0,-523.0,352.0,2
1587,29.0,-691.0,568.0,2
1588,129.0,-949.0,854.0,2
1589,323.0,-1242.0,1155.0,2
1590,717.0,-1527.0,1318.0,2
1591,1008.0,-1625.0,1202.0,2
1592,969.0,-1253.0,748.0,2
1593,619.0,-826.0,463.0,2
1594,169.0,-432.0,385.0,2
1595,-123.0,-121.0,503.0,2
1596,-283.0,42.0,600.0,2
1597,-378.0,112.0,423.0,2
1598,-263.0,167.0,278.0,2
1599,-280.0,251.0,65.0,2
1600,-237.0,358.0,-160.0,2
1601,-72.0,422.0,-305.0,2
1602,14.0,488.0,-221.0,2
1603,175.0,443.0,-38.0,2
1604,267.0,319.0,175.0,2
1605,281.0,232.0,282.0,2
1606,224.0,132.0,382.0,2
1607,237.0,35.0,456.0,2
1608,257.0,-69.0,478.0,2
1609,275.0,-134.0,453.0,2
1610,273.0,-156.0,424.0,2
1611,255.0,-156.0,370.0,2
1612,197.0,-128.0,305.0,2
1613,99.0,-88.0,250.0,2
1614,9.0,-33.0,175.0,2
1615,-43.0,1.0,141.0,2
1616,-100.0,31.0,136.0,2
1617,-114.0,40.0,151.0,2
1618,-114.0,41.0,154.0,2
1619,-90.0,41.0,143.0,2
1620,-84.0,48.0,141.0,2
1621,-59.0,55.0,139.0,2
1622,-49.0,64.0,154.0,2
1623,-43.0,73.0,182.0,2
1624,-22.0,60.0,212.0,2
1625,-17.0,39.0,239.0,2
1626,-19.0,12.0,247.0,1
1627,-11.0,-3.0,237.0,1
1628,-12.0,-5.0,219.0,1
1629,-9.0,10.0,193.0,1
1630,-16.0,26.0,174.0,1
1631,-24.0,48.0,169.0,1
1632,-17.0,59.0,171.0,1
1633,-19.0,71.0,179.0,1
1634,-19.0,98.0,185.0,1
1635,5.0,114.0,205.0,1
1636,11.0,135.0,226.0,1
1637,37.0,152.0,246.0,1
1638,-9.0,149.0,279.0,1
1639,-3.0,136.0,311.0,1
1640,-1.0,113.0,329.0,1
1641,2.0,114.0,320.0,1
1642,-6.0,112.0,311.0,1
1643,9.0,115.0,283.0,1
1644,7.0,98.0,265.0,1
1645,21.0,101.0,258.0,1
1646,9.0,107.0,261.0,1
1647,13.0,130.0,273.0,1
1648,7.0,150.0,297.0,1
1649,18.0,175.0,307.0,1
1650,5.0,190.0,324.0,1
1651,9.0,208.0,327.0,1
1652,0.0,223.0,329.0,1
1653,14.0,219.0,329.0,1
1654,6.0,223.0,318.0,1
1655,-18.0,218.0,294.0,1
1656,-16.0,200.0,284.0,1
1657,-20.0,190.0,273.0,1
1658,-27.0,184.0,264.0,1
1659,-31.0,161.0,264.0,1
1660,-44.0,156.0,258.0,1
1661,-44.0,136.0,246.0,1
1662,-48.0,115.0,231.0,1
1663,-40.0,92.0,209.0,1
1664,-38.0,76.0,188.0,1
1665,-19.0,77.0,176.0,1
1666,-11.0,84.0,170.0,1
1667,0.0,90.0,181.0,1
1668,4.0,97.0,192.0,1
1669,10.0,99.0,195.0,1
1670,17.0,104.0,192.0,1
1671,18.0,105.0,199.0,1
1672,20.0,106.0,200.0,1
1673,20.0,101.0,204.0,1
1674,27.0,95.0,209.0,1
1675,30.0,81.0,214.0,1
1676,27.0,62.0,221.0,1
1677,26.0,44.0,226.0,1
1678,32.0,17.0,229.0,1
1679,28.0,7.0,230.0,1
1680,23.0,-4.0,232.0,1
1681,22.0,-12.0,239.0,1
1682,29.0,-16.0,243.0,1
1683,33.0,-10.0,253.0,1
1684,35.0,-3.0,263.0,1
1685,34.0,6.0,266.0,1
1686,33.0,11.0,269.0,1
1687,29.0,23.0,269.0,1
1688,29.0,26.0,273.0,1
1689,24.0,32.0,275.0,1
1690,16.0,28.0,272.0,1
1691,14.0,27.0,264.0,1
1692,3.0,18.0,258.0,1
1693,-2.0,14.0,246.0,1
1694,-16.0,5.0,242.0,1
1695,-28.0,-3.0,233.0,1
1696,-39.0,-12.0,227.0,1
1697,-31.0,-18.0,220.0,1
1698,-29.0,-16.0,213.0,1
1699,-25.0,-17.0,219.0,1
1700,-27.0,-19.0,225.0,1
1701,-17.0,-22.0,236.0,1
1702,-15.0,-23.0,239.0,1
1703,-20.0,-26.0,252.0,1
1704,-12.0,-31.0,252.0,1
1705,-19.0,-35.0,256.0,1
1706,-22.0,-41.0,261.0,1
1707,-20.0,-48.0,263.0,1
1708,-27.0,-53.0,268.0,1
1709,-30.0,-61.0,267.0,1
1710,-26.0,-65.0,256.0,1
1711,-29.0,-66.0,256.0,1
1712,-20.0,-64.0,241.0,1
1713,-15.0,-62.0,233.0,1
1714,-12.0,-62.0,233.0,1
1715,-4.0,-55.0,227.0,1
1716,-2.0,-52.0,230.0,1
1717,3.0,-51.0,234.0,1
1718,8.0,-48.0,233.0,1
1719,6.0,-43.0,233.0,1
1720,15.0,-41.0,232.0,1
1721,16.0,-41.0,229.0,1
1722,15.0,-39.0,232.0,1
1723,13.0,-41.0,235.0,1
1724,14.0,-43.0,230.0,1
1725,15.0,-45.0,229.0,1
1726,14.0,-47.0,227.0,1
1727,15.0,-49.0,226.0,1
1728,14.0,-47.0,218.0,1
1729,22.0,-48.0,210.0,1
1730,27.0,-43.0,214.0,1
1731,29.0,-36.0,211.0,1
1732,34.0,-33.0,214.0,1
1733,34.0,-30.0,217.0,1
1734,40.0,-28.0,219.0,1
1735,41.0,-24.0,226.0,1
1736,42.0,-19.0,223.0,1
1737,39.0,-19.0,233.0,1
1738,39.0,-22.0,240.0,1
1739,37.0,-20.0,242.0,1
1740,39.0,-24.0,246.0,1
1741,33.0,-25.0,247.0,1
1742,34.0,-28.0,244.0,1
1743,34.0,-30.0,235.0,1
1744,36.0,-25.0,232.0,1
1745,34.0,-22.0,228.0,1
1746,37.0,-16.0,226.0,1
1747,39.0,-10.0,231.0,1
1748,36.0,-6.0,237.0,1
1749,35.0,-4.0,244.0,1
1750,37.0,-5.0,246.0,1
1751,35.0,-6.0,249.0,1
1752,33.0,-3.0,252.0,1
1753,32.0,-4.0,249.0,1
1754,39.0,-4.0,251.0,1
1755,39.0,-4.0,252.0,1
1756,38.0,-2.0,250.0,1
1757,39.0,-4.0,253.0,1
1758,36.0,-4.0,246.0,1
1759,39.0,-4.0,243.0,1
1760,38.0,-4.0,240.0,1
1761,38.0,-4.0,239.0,1
1762,36.0,1.0,236.0,1
1763,32.0,3.0,237.0,1
1764,23.0,12.0,240.0,1
1765,28.0,9.0,235.0,1
1766,22.0,10.0,238.0,0
1767,24.0,10.0,234.0,0
1768,25.0,8.0,240.0,0
1769,21.0,11.0,242.0,0
1770,25.0,7.0,245.0,0
1771,24.0,9.0,245.0,0
1772,25.0,7.0,247.0,0
1773,20.0,6.0,242.0,0
1774,15.0,9.0,245.0,0
1775,18.0,6.0,238.0,0
1776,13.0,9.0,237.0,0
1777,14.0,8.0,236.0,0
1778,11.0,9.0,230.0,0
1779,6.0,11.0,232.0,0
1780,11.0,10.0,234.0,0
1781,13.0,13.0,232.0,0
1782,9.0,11.0,234.0,0
1783,7.0,11.0,238.0,0
1784,13.0,11.0,237.0,0
1785,12.0,5.0,240.0,0
1786,8.0,10.0,239.0,0
1787,12.0,3.0,242.0,0
1788,7.0,8.0,246.0,0
1789,10.0,8.0,237.0,0
1790,13.0,4.0,240.0,0
1791,14.0,3.0,242.0,0
1792,10.0,4.0,244.0,0
1793,12.0,6.0,246.0,0
1794,14.0,4.0,243.0,0
1795,14.0,4.0,249.0,0
1796,14.0,5.0,241.0,0
1797,13.0,5.0,243.0,0
1798,13.0,7.0,238.0,0
1799,13.0,2.0,243.0,0
1800,12.0,-1.0,242.0,0
1801,14.0,-1.0,241.0,0
1802,13.0,-2.0,238.0,0
1803,15.0,-3.0,238.0,0
1804,14.0,-4.0,237.0,0
1805,15.0,-5.0,236.0,0
1806,17.0,-4.0,238.0,0
1807,14.0,-7.0,238.0,0
1808,15.0,-4.0,238.0,0
1809,14.0,-6.0,236.0,0
1810,15.0,-4.0,239.0,0
1811,13.0,-5.0,234.0,0
1812,18.0,-3.0,235.0,0
1813,17.0,-3.0,236.0,0
1814,16.0,0.0,238.0,0
1815,18.0,-1.0,239.0,0
1816,17.0,-1.0,239.0,0
1817,17.0,-2.0,242.0,0
1818,16.0,-1.0,242.0,0
1819,15.0,-2.0,243.0,0
1820,17.0,-3.0,243.0,0
1821,17.0,-4.0,240.0,0
1822,17.0,-4.0,243.0,0
1823,18.0,-4.0,243.0,0
1824,19.0,-4.0,242.0,0
1825,16.0,-1.0,241.0,0
1826,18.0,-3.0,239.0,0
1827,18.0,-3.0,237.0,0
1828,19.0,0.0,239.0,0
1829,17.0,-2.0,236.0,0
1830,18.0,-1.0,236.0,0
1831,18.0,-2.0,243.0,0
1832,21.0,3.0,241.0,0
1833,18.0,4.0,242.0,0
1834,19.0,0.0,243.0,0
1835,21.0,-1.0,240.0,0
1836,18.0,2.0,240.0,0
1837,19.0,-1.0,241.0,0
1838,17.0,-1.0,242.0,0
1839,20.0,1.0,241.0,0
1840,22.0,-3.0,240.0,0
1841,23.0,-2.0,241.0,0
1842,19.0,-2.0,237.0,0
1843,20.0,-3.0,241.0,0
1844,22.0,-2.0,239.0,0
1845,19.0,-4.0,236.0,0
1846,23.0,-2.0,236.0,0
1847,19.0,1.0,241.0,0
1848,20.0,-1.0,239.0,0
1849,19.0,2.0,235.0,0
1850,22.0,3.0,234.0,0
1851,20.0,4.0,240.0,0
1852,21.0,0.0,239.0,0
1853,18.0,1.0,242.0,0
1854,22.0,-1.0,237.0,0
1855,20.0,-3.0,236.0,0
1856,20.0,-3.0,239.0,0
1857,21.0,0.0,233.0,0
1858,24.0,0.0,236.0,0
1859,24.0,0.0,236.0,0
1860,23.0,4.0,237.0,0
1861,23.0,6.0,237.0,0
1862,21.0,8.0,246.0,0
1863,18.0,8.0,244.0,0
1864,19.0,5.0,248.0,0
1865,20.0,4.0,244.0,0
1866,20.0,1.0,245.0,0
1867,20.0,2.0,244.0,0
1868,22.0,-3.0,243.0,0
1869,18.0,-4.0,238.0,0
1870,18.0,-4.0,236.0,0
1871,22.0,-5.0,235.0,0
1872,17.0,-3.0,232.0,0
1873,20.0,-4.0,235.0,0
1874,17.0,-3.0,235.0,0
1875,19.0,-2.0,241.0,0
1876,16.0,-4.0,237.0,0
1877,18.0,-1.0,239.0,0
1878,17.0,-1.0,238.0,0
1879,19.0,0.0,242.0,0
1880,17.0,0.0,242.0,0
1881,20.0,0.0,245.0,0
1882,20.0,1.0,243.0,0
1883,20.0,0.0,238.0,0
1884,22.0,-2.0,241.0,0
1885,20.0,0.0,238.0,0
1886,24.0,-3.0,242.0,0
1887,26.0,3.0,221.0,0
1888,29.0,-4.0,220.0,0
1889,29.0,-6.0,243.0,0
1890,23.0,4.0,236.0,0
1891,21.0,-2.0,233.0,0
1892,19.0,-1.0,233.0,0
1893,18.0,1.0,239.0,0
1894,24.0,4.0,230.0,0
1895,17.0,-2.0,240.0,0
1896,13.0,1.0,247.0,0
1897,26.0,0.0,236.0,0
1898,24.0,-1.0,236.0,0
1899,26.0,-2.0,241.0,0
1900,24.0,3.0,233.0,0
1901,23.0,3.0,242.0,0
1902,22.0,1.0,238.0,0
1903,22.0,0.0,240.0,0
1904,25.0,-2.0,240.0,0
1905,26.0,-2.0,241.0,0
1906,22.0,-1.0,240.0,0
1907,22.0,1.0,240.0,0
1908,24.0,0.0,239.0,0
1909,23.0,0.0,242.0,0
1910,21.0,0.0,237.0,0
1911,22.0,0.0,237.0,0
1912,23.0,-2.0,237.0,0
1913,22.0,0.0,239.0,0
1914,25.0,-1.0,240.0,0
1915,23.0,2.0,239.0,0
1916,23.0,2.0,236.0,0
1917,22.0,-1.0,239.0,0
1918,24.0,0.0,236.0,0
1919,24.0,2.0,236.0,0
1920,24.0,1.0,237.0,0
1921,22.0,-1.0,237.0,0
1922,24.0,-2.0,240.0,0
1923,23.0,-2.0,238.0,0
1924,21.0,-3.0,238.0,0
1925,22.0,-2.0,235.0,0
1926,19.0,-1.0,239.0,0
1927,21.0,-3.0,237.0,0
1928,23.0,-2.0,240.0,0
1929,21.0,-1.0,242.0,0
1930,21.0,1.0,241.0,0
1931,23.0,1.0,238.0,0
1932,22.0,1.0,237.0,0
1933,26.0,-1.0,238.0,0
1934,21.0,-2.0,238.0,0
1935,24.0,0.0,236.0,0
1936,22.0,-2.0,239.0,0
1937,21.0,-1.0,237.0,0
1938,22.0,-2.0,239.0,0
1939,21.0,-1.0,240.0,0
1940,24.0,-3.0,237.0,0
1941,25.0,-2.0,233.0,0
1942,22.0,-1.0,241.0,0
1943,21.0,-2.0,235.0,0
1944,21.0,0.0,238.0,0
1945,24.0,-1.0,237.0,0
1946,23.0,-1.0,235.0,0
1947,23.0,1.0,238.0,0
1948,26.0,0.0,235.0,0
1949,24.0,-2.0,243.0,0
1950,22.0,2.0,238.0,0
1951,23.0,-1.0,242.0,0
1952,25.0,0.0,240.0,0
1953,24.0,-3.0,239.0,0
1954,24.0,-1.0,237.0,0
1955,22.0,-4.0,239.0,0
1956,26.0,-4.0,241.0,0
1957,23.0,-5.0,234.0,0
1958,25.0,-3.0,234.0,0
1959,25.0,-2.0,232.0,0
1960,25.0,0.0,232.0,0
1961,27.0,-3.0,238.0,0
1962,26.0,2.0,236.0,0
1963,26.0,-1.0,233.0,0
1964,25.0,3.0,234.0,0
1965,24.0,1.0,235.0,0
1966,22.0,-2.0,236.0,0
1967,28.0,1.0,238.0,0
1968,25.0,-2.0,235.0,0
1969,23.0,-1.0,234.0,0
1970,22.0,-3.0,236.0,0
1971,26.0,-4.0,236.0,0
1972,22.0,-1.0,238.0,0
1973,25.0,-1.0,238.0,0
1974,21.0,-1.0,241.0,0
1975,25.0,-1.0,240.0,0
1976,24.0,-2.0,236.0,0
1977,24.0,-3.0,237.0,0
1978,28.0,-3.0,238.0,0
1979,24.0,-3.0,239.0,0
1980,23.0,1.0,234.0,0
1981,25.0,-4.0,236.0,0
1982,26.0,0.0,238.0,0
1983,25.0,-2.0,240.0,0
1984,23.0,-1.0,242.0,0
1985,22.0,-2.0,239.0,0
1986,25.0,-1.0,244.0,0
1987,25.0,-4.0,241.0,0
1988,24.0,-4.0,237.0,0
1989,24.0,-4.0,239.0,0
1990,23.0,-3.0,237.0,0
1991,25.0,-1.0,241.0,0
1992,24.0,-3.0,239.0,0
1993,23.0,2.0,239.0,0
1994,26.0,-2.0,238.0,0
1995,22.0,2.0,238.0,0
1996,24.0,-1.0,236.0,0
1997,21.0,1.0,238.0,0
1998,22.0,-1.0,240.0,0
1999,22.0,-1.0,240.0,0
2000,23.0,-2.0,239.0,0
2001,21.0,-2.0,237.0,0
2002,23.0,0.0,242.0,0
2003,20.0,1.0,237.0,0
2004,22.0,-1.0,241.0,0
2005,23.0,-1.0,242.0,0
2006,24.0,-1.0,240.0,0
2007,23.0,-1.0,237.0,0
2008,22.0,-1.0,240.0,0
2009,23.0,-2.0,233.0,0
2010,24.0,-3.0,234.0,0
2011,22.0,-2.0,237.0,0
2012,21.0,-1.0,237.0,0
2013,24.0,-2.0,238.0,0
2014,24.0,-1.0,239.0,0
2015,26.0,-3.0,239.0,0
2016,23.0,-2.0,239.0,0
2017,22.0,-1.0,239.0,0
2018,22.0,-2.0,237.0,0
2019,24.0,-1.0,238.0,0
2020,23.0,-2.0,241.0,0
2021,20.0,0.0,238.0,0
2022,25.0,-1.0,240.0,0
2023,22.0,2.0,238.0,0
2024,21.0,-1.0,237.0,0
2025,21.0,0.0,239.0,0
2026,24.0,-2.0,240.0,0
2027,23.0,-1.0,238.0,0
2028,25.0,-3.0,238.0,0
2029,20.0,0.0,239.0,0
2030,21.0,-2.0,242.0,0
2031,24.0,-1.0,239.0,0
2032,23.0,-3.0,238.0,0
2033,22.0,1.0,236.0,0
2034,21.0,-1.0,237.0,0
2035,20.0,-1.0,241.0,0
2036,21.0,-2.0,240.0,0
2037,19.0,-1.0,239.0,0
2038,18.0,-4.0,235.0,0
2039,18.0,-1.0,241.0,0
2040,21.0,-2.0,240.0,0
2041,21.0,-1.0,240.0,0
2042,22.0,-2.0,239.0,0
2043,22.0,-2.0,236.0,0
2044,21.0,-1.0,236.0,0
2045,23.0,-3.0,238.0,0
2046,21.0,0.0,238.0,0
2047,18.0,2.0,236.0,0
2048,20.0,0.0,241.0,0
2049,21.0,-2.0,242.0,0
2050,20.0,0.0,243.0,0
2051,20.0,-1.0,244.0,0
2052,22.0,-1.0,241.0,0
2053,22.0,-1.0,240.0,0
2054,23.0,0.0,238.0,0
2055,20.0,1.0,240.0,0
2056,23.0,-1.0,241.0,0
2057,24.0,-2.0,241.0,0
2058,22.0,-2.0,239.0,0
2059,23.0,-2.0,237.0,0
2060,22.0,-3.0,236.0,0
2061,23.0,-1.0,236.0,0
2062,24.0,1.0,237.0,0
2063,23.0,1.0,236.0,0
2064,22.0,0.0,237.0,0
2065,23.0,-1.0,240.0,0
2066,21.0,-1.0,237.0,0
2067,21.0,0.0,241.0,0
2068,18.0,-1.0,241.0,0
2069,23.0,-3.0,239.0,0
2070,18.0,-1.0,239.0,0
2071,20.0,-3.0,235.0,0
2072,18.0,-3.0,236.0,0
2073,20.0,-2.0,238.0,0
2074,18.0,-1.0,242.0,0
2075,18.0,0.0,237.0,0
2076,17.0,0.0,237.0,0
2077,19.0,-2.0,241.0,0
2078,18.0,-1.0,236.0,0
2079,18.0,-2.0,241.0,0
2080,19.0,-1.0,240.0,0
2081,20.0,-2.0,241.0,0
2082,21.0,-1.0,243.0,0
2083,21.0,-2.0,238.0,0
2084,20.0,-1.0,236.0,0
2085,20.0,1.0,237.0,0
2086,19.0,0.0,236.0,0
2087,17.0,0.0,240.0,0
2088,19.0,-3.0,241.0,0
2089,19.0,0.0,236.0,0
2090,20.0,-3.0,236.0,0
2091,18.0,0.0,242.0,0
2092,18.0,-2.0,241.0,0
2093,22.0,0.0,239.0,0
2094,20.0,-3.0,236.0,0
2095,20.0,-3.0,239.0,0
2096,19.0,1.0,241.0,0
2097,20.0,0.0,238.0,0
2098,18.0,-2.0,239.0,0
2099,20.0,0.0,241.0,0
2100,23.0,-2.0,239.0,0
2101,19.0,1.0,239.0,0
2102,23.0,1.0,239.0,0
2103,20.0,-1.0,236.0,0
2104,19.0,-1.0,237.0,0
2105,23.0,-3.0,237.0,0
2106,20.0,-1.0,234.0,0
2107,23.0,-2.0,234.0,0
2108,21.0,-3.0,237.0,0
2109,20.0,1.0,238.0,0
2110,23.0,-1.0,237.0,0
2111,22.0,-1.0,241.0,0
2112,20.0,0.0,240.0,0
2113,21.0,0.0,243.0,0
2114,23.0,-1.0,237.0,0
2115,20.0,-1.0,239.0,0
2116,19.0,-3.0,240.0,0
2117,22.0,-2.0,238.0,0
2118,20.0,1.0,239.0,0
2119,21.0,-1.0,240.0,0
2120,19.0,-1.0,239.0,0
2121,18.0,0.0,237.0,0
2122,21.0,-2.0,237.0,0
2123,21.0,-2.0,233.0,0
2124,16.0,-1.0,235.0,0
2125,17.0,0.0,240.0,0
2126,19.0,2.0,239.0,0
2127,17.0,-1.0,237.0,0
2128,17.0,1.0,241.0,0
2129,18.0,-2.0,240.0,0
2130,18.0,0.0,238.0,0
2131,19.0,-2.0,242.0,0
2132,20.0,2.0,241.0,0
2133,17.0,-1.0,241.0,0
2134,19.0,-1.0,241.0,0
2135,19.0,-1.0,240.0,0
2136,18.0,-2.0,241.0,0
2137,20.0,-3.0,238.0,0
2138,21.0,-2.0,235.0,0
2139,17.0,-2.0,234.0,0
2140,21.0,-3.0,237.0,0
2141,20.0,-1.0,235.0,0
2142,20.0,-3.0,241.0,0
2143,22.0,-4.0,240.0,0
2144,21.0,0.0,241.0,0
2145,20.0,0.0,238.0,0
2146,20.0,1.0,238.0,0
2147,22.0,-1.0,239.0,0
2148,19.0,2.0,241.0,0
2149,21.0,0.0,240.0,0
2150,22.0,-1.0,237.0,0
2151,21.0,0.0,242.0,0
2152,20.0,-1.0,238.0,0
2153,17.0,1.0,243.0,0
2154,19.0,-1.0,236.0,0
2155,20.0,-1.0,239.0,0
2156,18.0,-1.0,242.0,0
2157,20.0,-1.0,239.0,0
2158,19.0,-3.0,237.0,0
2159,19.0,-1.0,235.0,0
2160,21.0,-1.0,242.0,0
2161,20.0,2.0,235.0,0
2162,20.0,0.0,237.0,0
2163,19.0,0.0,236.0,0
2164,20.0,1.0,239.0,0
2165,20.0,0.0,236.0,0
2166,18.0,-2.0,238.0,0
2167,21.0,-1.0,240.0,0
2168,21.0,0.0,238.0,0
2169,20.0,1.0,240.0,0
2170,19.0,-1.0,242.0,0
2171,18.0,0.0,237.0,0
2172,20.0,-2.0,242.0,0
2173,20.0,-1.0,241.0,0
2174,20.0,1.0,237.0,0
2175,22.0,-2.0,239.0,0
2176,22.0,-1.0,245.0,0
2177,20.0,2.0,234.0,0
2178,19.0,-1.0,236.0,0
2179,22.0,0.0,238.0,0
2180,19.0,1.0,237.0,0
2181,19.0,-2.0,239.0,0
2182,19.0,-3.0,243.0,0
2183,21.0,-1.0,239.0,0
2184,17.0,-1.0,239.0,0
2185,20.0,0.0,240.0,0
2186,23.0,-3.0,241.0,0
2187,18.0,3.0,240.0,0
2188,20.0,-1.0,241.0,0
2189,20.0,-2.0,244.0,0
2190,17.0,-2.0,241.0,0
2191,20.0,0.0,241.0,0
2192,20.0,0.0,240.0,0
2193,20.0,-3.0,239.0,0
2194,18.0,-2.0,241.0,0
2195,23.0,-1.0,243.0,0
2196,21.0,-1.0,239.0,0
2197,17.0,-2.0,240.0,0
2198,19.0,-1.0,237.0,0
2199,21.0,-2.0,238.0,0
2200,19.0,-2.0,241.0,0
2201,18.0,-2.0,238.0,0
2202,18.0,-3.0,241.0,0
2203,20.0,-3.0,240.0,0
2204,18.0,-1.0,241.0,0
2205,21.0,0.0,238.0,0
2206,18.0,-1.0,241.0,0
2207,19.0,-3.0,243.0,0
2208,20.0,-1.0,239.0,0
2209,21.0,-4.0,239.0,0
2210,18.0,-1.0,240.0,0
2211,18.0,-1.0,243.0,0
2212,21.0,0.0,242.0,0
2213,21.0,1.0,240.0,0
2214,19.0,-3.0,239.0,0
2215,16.0,0.0,238.0,0
2216,19.0,-2.0,237.0,0
2217,21.0,0.0,238.0,0
2218,20.0,-2.0,240.0,0
2219,20.0,-3.0,242.0,0
2220,21.0,0.0,241.0,0
2221,20.0,-1.0,236.0,0
2222,20.0,1.0,237.0,0
2223,21.0,2.0,240.0,0
2224,22.0,-2.0,239.0,0
2225,23.0,1.0,240.0,0
2226,22.0,-1.0,240.0,0
2227,22.0,-3.0,239.0,0
2228,21.0,-1.0,242.0,0
2229,22.0,-3.0,239.0,0
2230,20.0,-1.0,239.0,0
2231,20.0,0.0,237.0,0
2232,22.0,-2.0,241.0,0
2233,21.0,-3.0,238.0,0
2234,23.0,-2.0,241.0,0
2235,19.0,-1.0,236.0,0
2236,19.0,-3.0,236.0,0
2237,17.0,-1.0,234.0,0
2238,22.0,-4.0,238.0,0
2239,20.0,-3.0,238.0,0
2240,19.0,-3.0,238.0,0
2241,20.0,-2.0,238.0,0
2242,20.0,-2.0,243.0,0
2243,18.0,-1.0,240.0,0
2244,21.0,-2.0,239.0,0
2245,20.0,-3.0,236.0,0
2246,20.0,-2.0,238.0,0
2247,20.0,-1.0,241.0,0
2248,20.0,2.0,239.0,0
2249,21.0,1.0,240.0,0
2250,21.0,0.0,240.0,0
2251,20.0,2.0,239.0,0
2252,21.0,-3.0,239.0,0
2253,22.0,-3.0,237.0,0
2254,22.0,-2.0,237.0,0
2255,21.0,0.0,234.0,0
2256,21.0,-1.0,234.0,0
2257,22.0,-1.0,237.0,0
2258,22.0,-3.0,238.0,0
2259,22.0,-1.0,241.0,0
2260,21.0,-1.0,243.0,0
2261,19.0,-1.0,241.0,0
2262,19.0,-1.0,238.0,0
2263,21.0,-3.0,238.0,0
2264,19.0,-1.0,244.0,0
2265,20.0,-3.0,238.0,0
2266,20.0,-2.0,237.0,0
2267,22.0,-2.0,236.0,0
2268,23.0,-3.0,238.0,0
2269,21.0,-2.0,239.0,0
2270,23.0,-3.0,235.0,0
2271,23.0,-3.0,238.0,0
2272,24.0,-2.0,236.0,0
2273,22.0,-2.0,238.0,0
2274,19.0,0.0,238.0,0
2275,21.0,-1.0,241.0,0
2276,21.0,-1.0,241.0,0
2277,24.0,-2.0,239.0,0
2278,21.0,-2.0,237.0,0
2279,24.0,-2.0,238.0,0
2280,21.0,-1.0,243.0,0
2281,23.0,-2.0,239.0,0
2282,24.0,-1.0,239.0,0
2283,23.0,0.0,242.0,0
2284,23.0,-2.0,238.0,0
2285,21.0,-3.0,241.0,0
2286,20.0,0.0,237.0,0
2287,22.0,1.0,236.0,0
2288,23.0,-3.0,235.0,0
2289,22.0,0.0,241.0,0
2290,26.0,-2.0,235.0,0
2291,21.0,0.0,240.0,0
2292,20.0,-1.0,241.0,0
2293,21.0,0.0,240.0,0
2294,21.0,-2.0,238.0,0
2295,22.0,-3.0,239.0,0
2296,20.0,-2.0,237.0,0
2297,21.0,-3.0,237.0,0
2298,22.0,-1.0,237.0,0
2299,22.0,-2.0,239.0,0
2300,24.0,2.0,241.0,0
2301,21.0,-3.0,242.0,0
2302,23.0,-3.0,239.0,0
2303,23.0,-3.0,241.0,0
2304,21.0,-3.0,239.0,0
2305,22.0,-3.0,238.0,0
2306,25.0,-2.0,240.0,0
2307,21.0,-2.0,240.0,0
2308,22.0,-3.0,237.0,0
2309,22.0,-4.0,237.0,0
2310,23.0,-2.0,235.0,0
2311,23.0,-3.0,236.0,0
2312,23.0,-2.0,238.0,0
2313,22.0,2.0,238.0,0
2314,21.0,-3.0,239.0,0
2315,21.0,-1.0,235.0,0
2316,21.0,1.0,239.0,0
2317,23.0,-4.0,240.0,0
2318,25.0,-2.0,236.0,0
2319,21.0,-3.0,240.0,0
2320,20.0,-1.0,242.0,0
2321,21.0,0.0,240.0,0
2322,21.0,-4.0,239.0,0
2323,21.0,9.0,230.0,0
2324,28.0,-2.0,245.0,0
2325,18.0,-9.0,242.0,0
2326,21.0,-4.0,250.0,0
2327,31.0,-5.0,247.0,0
2328,28.0,5.0,236.0,0
2329,28.0,-5.0,232.0,0
2330,21.0,2.0,254.0,0
2331,23.0,-4.0,254.0,0
2332,37.0,-1.0,243.0,0
2333,24.0,-3.0,234.0,0
2334,25.0,-1.0,237.0,0
2335,24.0,0.0,238.0,0
2336,27.0,0.0,238.0,0
2337,23.0,-2.0,238.0,0
2338,24.0,-2.0,239.0,0
2339,24.0,-1.0,236.0,0
2340,22.0,-3.0,240.0,0
2341,25.0,0.0,235.0,0
2342,25.0,-2.0,240.0,0
2343,20.0,1.0,235.0,0
2344,25.0,0.0,240.0,0
2345,22.0,0.0,232.0,0
2346,24.0,-3.0,234.0,0
2347,21.0,-1.0,239.0,0
2348,21.0,1.0,240.0,0
2349,22.0,-1.0,237.0,0
2350,20.0,-1.0,239.0,0
2351,17.0,-2.0,235.0,0
2352,23.0,-2.0,240.0,0
2353,20.0,0.0,234.0,0
2354,21.0,-2.0,236.0,0
2355,19.0,-2.0,240.0,0
2356,22.0,-2.0,238.0,0
2357,22.0,-3.0,240.0,0
2358,20.0,-3.0,236.0,0
2359,21.0,0.0,239.0,0
2360,20.0,1.0,237.0,0
2361,21.0,-1.0,240.0,0
2362,22.0,-2.0,244.0,0
2363,21.0,-3.0,242.0,0
2364,21.0,-2.0,237.0,0
2365,23.0,-2.0,235.0,0
2366,28.0,-1.0,240.0,0
2367,25.0,-4.0,238.0,0
2368,23.0,-3.0,240.0,0
2369,24.0,-3.0,240.0,0
2370,25.0,-2.0,240.0,0
2371,24.0,-4.0,239.0,0
2372,26.0,-3.0,239.0,0
2373,23.0,-1.0,239.0,0
2374,24.0,-1.0,236.0,0
2375,24.0,-2.0,236.0,0
2376,25.0,-2.0,239.0,0
2377,25.0,-1.0,241.0,0
2378,28.0,-3.0,241.0,0
2379,23.0,-2.0,234.0,0
2380,22.0,-1.0,235.0,0
2381,25.0,-3.0,238.0,0
2382,20.0,-4.0,238.0,0
2383,26.0,-2.0,239.0,0
2384,23.0,-2.0,238.0,0
2385,19.0,-3.0,237.0,0
2386,22.0,-2.0,238.0,0
2387,21.0,-1.0,239.0,0
2388,22.0,-4.0,237.0,0
2389,21.0,-1.0,243.0,0
2390,20.0,-4.0,240.0,0
2391,20.0,-4.0,243.0,0
2392,21.0,-3.0,240.0,0
2393,21.0,-4.0,238.0,0
2394,20.0,-2.0,238.0,0
2395,21.0,-4.0,236.0,0
2396,21.0,-3.0,241.0,0
2397,20.0,-2.0,239.0,0
2398,23.0,-4.0,242.0,0
2399,20.0,-2.0,238.0,0
2400,23.0,-2.0,240.0,0
2401,21.0,-2.0,239.0,0
2402,21.0,-3.0,240.0,0
2403,19.0,-3.0,236.0,0
2404,18.0,-1.0,239.0,0
2405,20.0,-1.0,236.0,0
2406,20.0,-1.0,240.0,0
2407,21.0,-2.0,240.0,0
2408,21.0,-1.0,236.0,0
2409,19.0,2.0,232.0,0
2410,21.0,-3.0,244.0,0
2411,16.0,2.0,239.0,0
2412,18.0,-1.0,243.0,0
2413,24.0,-4.0,241.0,0
2414,22.0,-3.0,241.0,0
2415,20.0,0.0,239.0,0
2416,17.0,2.0,239.0,0
2417,19.0,-1.0,237.0,0
2418,21.0,-2.0,240.0,0
2419,16.0,-1.0,236.0,0
2420,18.0,-2.0,240.0,0
2421,17.0,-2.0,240.0,0
2422,18.0,-1.0,242.0,0
2423,20.0,-3.0,239.0,0
2424,19.0,-4.0,236.0,0
2425,18.0,-3.0,242.0,0
2426,18.0,-3.0,242.0,0
2427,18.0,1.0,239.0,0
2428,19.0,1.0,238.0,0
2429,19.0,-1.0,240.0,0
2430,18.0,-2.0,239.0,0
2431,20.0,3.0,238.0,0
2432,20.0,1.0,237.0,0
2433,19.0,-1.0,242.0,0
2434,18.0,-1.0,239.0,0
2435,18.0,-3.0,235.0,0
2436,20.0,-1.0,237.0,0
2437,19.0,-1.0,240.0,0
2438,19.0,-2.0,241.0,0
2439,22.0,-5.0,238.0,0
2440,17.0,0.0,239.0,0
2441,18.0,-1.0,242.0,0
2442,18.0,-2.0,240.0,0
2443,20.0,-2.0,240.0,0
2444,19.0,-4.0,238.0,0
2445,17.0,-3.0,241.0,0
2446,15.0,-3.0,238.0,0
2447,17.0,-2.0,239.0,0
2448,13.0,0.0,240.0,0
2449,18.0,-3.0,237.0,0
2450,18.0,0.0,240.0,0
2451,16.0,-3.0,238.0,0
2452,16.0,-2.0,241.0,0
2453,19.0,-2.0,242.0,0
2454,16.0,-2.0,238.0,0
2455,17.0,-1.0,240.0,0
2456,16.0,-1.0,238.0,0
2457,19.0,-2.0,238.0,0
2458,12.0,0.0,237.0,0
2459,17.0,-4.0,233.0,0
2460,14.0,-2.0,237.0,0
2461,15.0,1.0,237.0,0
2462,12.0,-1.0,237.0,0
2463,17.0,-1.0,239.0,0
2464,16.0,-3.0,238.0,0
2465,16.0,1.0,242.0,0
2466,20.0,0.0,241.0,0
2467,22.0,3.0,247.0,0
2468,25.0,0.0,241.0,0
2469,23.0,4.0,242.0,0
2470,23.0,-1.0,243.0,0
2471,21.0,-2.0,242.0,0
2472,23.0,-3.0,235.0,0
2473,22.0,-5.0,229.0,0
2474,21.0,-2.0,230.0,0
2475,23.0,-4.0,232.0,0
2476,19.0,-2.0,231.0,0
2477,17.0,-2.0,229.0,0
2478,16.0,0.0,236.0,0
2479,18.0,2.0,236.0,0
2480,15.0,7.0,238.0,0
2481,17.0,1.0,245.0,0
2482,17.0,6.0,248.0,0
2483,18.0,6.0,247.0,0
2484,20.0,4.0,245.0,0
2485,18.0,4.0,249.0,0
2486,22.0,0.0,245.0,0
2487,16.0,0.0,239.0,0
2488,18.0,-4.0,236.0,0
2489,16.0,-1.0,232.0,0
2490,20.0,-3.0,233.0,0
2491,13.0,-1.0,228.0,0
2492,14.0,2.0,232.0,0
2493,13.0,3.0,237.0,0
2494,13.0,4.0,241.0,0
2495,11.0,3.0,244.0,0
2496,11.0,1.0,242.0,0
2497,12.0,2.0,246.0,0
2498,14.0,4.0,249.0,0
2499,16.0,1.0,250.0,0
2500,15.0,1.0,245.0,0
2501,20.0,-2.0,240.0,0
2502,20.0,-4.0,237.0,0
2503,18.0,-1.0,236.0,0
2504,19.0,-1.0,232.0,0
2505,18.0,-1.0,235.0,0
2506,20.0,2.0,236.0,0
2507,17.0,-1.0,237.0,0
2508,16.0,2.0,238.0,0
2509,21.0,2.0,235.0,0
2510,18.0,1.0,238.0,0
2511,18.0,3.0,241.0,0
2512,19.0,0.0,242.0,0
2513,19.0,1.0,239.0,0
2514,21.0,0.0,242.0,0
2515,22.0,3.0,239.0,0
2516,20.0,2.0,240.0,0
2517,27.0,1.0,236.0,0
2518,25.0,-1.0,237.0,0
2519,26.0,0.0,239.0,0
2520,25.0,1.0,238.0,0
2521,25.0,3.0,237.0,0
2522,24.0,1.0,236.0,0
2523,24.0,1.0,240.0,0
2524,25.0,-1.0,240.0,0
2525,20.0,1.0,237.0,0
2526,19.0,1.0,239.0,0
2527,16.0,2.0,238.0,0
2528,24.0,2.0,237.0,0
2529,20.0,4.0,238.0,0
2530,16.0,2.0,237.0,0
2531,16.0,3.0,241.0,0
2532,15.0,3.0,243.0,0
2533,16.0,1.0,240.0,0
2534,17.0,5.0,246.0,0
2535,15.0,2.0,242.0,0
2536,16.0,3.0,238.0,0
2537,13.0,3.0,242.0,0
2538,11.0,2.0,240.0,0
2539,14.0,2.0,239.0,0
2540,13.0,0.0,239.0,0
2541,12.0,5.0,242.0,0
2542,12.0,3.0,237.0,0
2543,12.0,1.0,237.0,0
2544,14.0,3.0,238.0,0
2545,14.0,3.0,241.0,0
2546,13.0,0.0,240.0,0
2547,14.0,3.0,237.0,0
2548,15.0,4.0,241.0,0
2549,16.0,6.0,238.0,0
2550,18.0,3.0,243.0,0
2551,18.0,4.0,236.0,0
2552,18.0,4.0,237.0,0
2553,19.0,2.0,239.0,0
2554,17.0,5.0,242.0,0
2555,20.0,0.0,236.0,0
2556,18.0,5.0,239.0,0
2557,18.0,3.0,241.0,0
2558,18.0,1.0,237.0,0
2559,16.0,4.0,238.0,0
2560,18.0,1.0,240.0,0
2561,18.0,2.0,238.0,0
2562,20.0,2.0,238.0,0
2563,18.0,1.0,243.0,0
2564,19.0,0.0,237.0,0
2565,19.0,5.0,239.0,0
2566,18.0,2.0,240.0,0
2567,17.0,5.0,237.0,0
2568,19.0,-1.0,235.0,0
2569,21.0,1.0,237.0,0
2570,22.0,2.0,238.0,0
2571,20.0,-1.0,240.0,0
2572,19.0,3.0,239.0,0
2573,16.0,3.0,240.0,0
2574,20.0,3.0,240.0,0
2575,31.0,-1.0,234.0,0
2576,17.0,3.0,241.0,0
2577,16.0,1.0,240.0,0
2578,17.0,3.0,241.0,0
2579,18.0,1.0,242.0,0
2580,19.0,0.0,241.0,0
2581,18.0,-2.0,237.0,0
2582,17.0,0.0,237.0,0
2583,17.0,1.0,239.0,0
2584,15.0,0.0,238.0,0
2585,16.0,1.0,237.0,0
2586,15.0,3.0,243.0,0
2587,18.0,0.0,237.0,0
2588,17.0,1.0,237.0,0
2589,16.0,2.0,239.0,0
2590,16.0,2.0,239.0,0
2591,18.0,3.0,238.0,0
2592,16.0,4.0,238.0,0
2593,17.0,2.0,241.0,0
2594,18.0,1.0,239.0,0
2595,19.0,2.0,240.0,0
2596,17.0,2.0,236.0,0
2597,18.0,1.0,242.0,0
2598,14.0,2.0,237.0,0
2599,16.0,2.0,241.0,0
2600,19.0,3.0,241.0,0
2601,18.0,2.0,244.0,0
2602,17.0,3.0,241.0,0
2603,17.0,3.0,242.0,0
2604,15.0,2.0,239.0,0
2605,17.0,2.0,239.0,0
2606,17.0,3.0,244.0,0
2607,17.0,2.0,239.0,0
2608,16.0,1.0,243.0,0
2609,18.0,3.0,242.0,0
2610,17.0,1.0,239.0,0
2611,16.0,2.0,238.0,0
2612,17.0,2.0,241.0,0
2613,18.0,0.0,241.0,0
2614,18.0,-1.0,239.0,0
2615,16.0,4.0,238.0,0
2616,17.0,2.0,238.0,0
2617,13.0,5.0,238.0,0
2618,19.0,1.0,239.0,0
2619,16.0,2.0,236.0,0
2620,18.0,1.0,240.0,0
2621,17.0,1.0,240.0,0
2622,19.0,2.0,239.0,0
2623,16.0,-1.0,237.0,0
2624,17.0,2.0,238.0,0
2625,19.0,1.0,239.0,0
2626,17.0,1.0,240.0,0
2627,19.0,2.0,240.0,0
2628,17.0,2.0,241.0,0
2629,15.0,1.0,238.0,0
2630,17.0,0.0,244.0,0
2631,19.0,0.0,239.0,0
2632,18.0,0.0,243.0,0
2633,17.0,-1.0,241.0,0
2634,16.0,0.0,241.0,0
2635,19.0,-1.0,240.0,0
2636,18.0,-1.0,239.0,0
2637,18.0,1.0,236.0,0
2638,18.0,1.0,238.0,0
2639,14.0,2.0,240.0,0
2640,20.0,1.0,238.0,0
2641,19.0,-1.0,240.0,0
2642,20.0,1.0,239.0,0
2643,19.0,0.0,240.0,0
2644,19.0,1.0,242.0,0
2645,16.0,6.0,238.0,0
2646,19.0,6.0,234.0,0
2647,18.0,2.0,234.0,0
2648,19.0,0.0,235.0,0
2649,17.0,1.0,239.0,0
2650,18.0,2.0,238.0,0
2651,16.0,1.0,233.0,0
2652,17.0,3.0,239.0,0
2653,19.0,-1.0,239.0,0
2654,18.0,3.0,240.0,0
2655,18.0,0.0,239.0,0
2656,17.0,-2.0,238.0,0
2657,19.0,0.0,238.0,0
2658,17.0,2.0,239.0,0
2659,18.0,3.0,240.0,0
2660,21.0,1.0,234.0,0
2661,17.0,1.0,236.0,0
2662,21.0,1.0,242.0,0
2663,17.0,2.0,237.0,0
2664,18.0,1.0,238.0,0
2665,19.0,1.0,236.0,0
2666,20.0,-3.0,238.0,0
2667,20.0,-1.0,242.0,0
2668,20.0,-2.0,242.0,0
2669,21.0,3.0,236.0,0
2670,20.0,1.0,237.0,0
2671,23.0,1.0,237.0,0
2672,21.0,5.0,238.0,0
2673,21.0,0.0,237.0,0
2674,21.0,1.0,237.0,0
2675,20.0,5.0,243.0,0
2676,21.0,2.0,239.0,0
2677,21.0,1.0,243.0,0
2678,19.0,0.0,241.0,0
2679,17.0,5.0,239.0,0
2680,17.0,0.0,235.0,0
2681,19.0,1.0,241.0,0
2682,18.0,1.0,239.0,0
2683,17.0,1.0,238.0,0
2684,19.0,1.0,239.0,0
2685,17.0,3.0,237.0,0
2686,21.0,2.0,236.0,0
2687,20.0,0.0,241.0,0
2688,17.0,3.0,239.0,0
2689,21.0,0.0,240.0,0
2690,19.0,-1.0,235.0,0
2691,21.0,1.0,239.0,0
2692,20.0,2.0,238.0,0
2693,21.0,4.0,239.0,0
2694,23.0,2.0,239.0,0
2695,18.0,3.0,240.0,0
2696,21.0,0.0,245.0,0
2697,18.0,1.0,237.0,0
2698,22.0,-1.0,242.0,0
2699,25.0,-1.0,239.0,0
2700,21.0,2.0,240.0,0
2701,21.0,0.0,238.0,0
2702,20.0,-1.0,240.0,0
2703,19.0,0.0,240.0,0
2704,21.0,2.0,236.0,0
2705,20.0,1.0,239.0,0
2706,20.0,3.0,241.0,0
2707,21.0,3.0,239.0,0
2708,22.0,1.0,233.0,0
2709,17.0,4.0,237.0,0
2710,22.0,0.0,237.0,0
2711,24.0,0.0,236.0,0
2712,20.0,0.0,243.0,0
2713,22.0,-2.0,235.0,0
2714,23.0,1.0,241.0,0
2715,21.0,2.0,239.0,0
2716,21.0,1.0,242.0,0
2717,21.0,0.0,241.0,0
2718,21.0,0.0,240.0,0
2719,22.0,1.0,237.0,0
2720,20.0,-3.0,241.0,0
2721,19.0,-2.0,240.0,0
2722,20.0,1.0,239.0,0
2723,18.0,1.0,239.0,0
2724,20.0,1.0,237.0,0
2725,19.0,1.0,237.0,0
2726,21.0,-1.0,238.0,0
2727,21.0,-2.0,242.0,0
2728,21.0,0.0,243.0,0
2729,20.0,1.0,237.0,0
2730,21.0,0.0,239.0,0
2731,22.0,-1.0,240.0,0
2732,19.0,2.0,241.0,0
2733,21.0,1.0,237.0,0
2734,18.0,4.0,239.0,0
2735,22.0,1.0,235.0,0
2736,19.0,0.0,239.0,0
2737,20.0,2.0,240.0,0
2738,23.0,-1.0,232.0,0
2739,21.0,0.0,238.0,0
2740,23.0,1.0,240.0,0
2741,21.0,0.0,239.0,0
2742,21.0,0.0,240.0,0
2743,22.0,2.0,240.0,0
2744,24.0,0.0,241.0,0
2745,23.0,0.0,237.0,0
2746,23.0,3.0,237.0,0
2747,23.0,3.0,238.0,0
2748,15.0,2.0,235.0,0
2749,18.0,7.0,247.0,0
2750,24.0,0.0,230.0,0
2751,17.0,2.0,244.0,0
2752,21.0,4.0,238.0,0
2753,20.0,-2.0,242.0,0
2754,35.0,4.0,224.0,0
2755,15.0,3.0,234.0,0
2756,23.0,22.0,236.0,0
2757,11.0,-5.0,239.0,0
2758,23.0,1.0,236.0,0
2759,23.0,1.0,239.0,0
2760,25.0,-2.0,239.0,0
2761,20.0,1.0,239.0,0
2762,20.0,-1.0,241.0,0
2763,23.0,-1.0,238.0,0
2764,23.0,0.0,235.0,0
2765,18.0,3.0,238.0,0
2766,20.0,0.0,240.0,0
2767,22.0,1.0,242.0,0
2768,20.0,-1.0,234.0,0
2769,19.0,2.0,244.0,0
2770,23.0,-2.0,242.0,0
2771,19.0,-3.0,237.0,0
2772,18.0,-2.0,233.0,0
2773,18.0,0.0,235.0,0
2774,21.0,1.0,240.0,0
2775,24.0,-2.0,237.0,0
2776,23.0,2.0,238.0,0
2777,22.0,3.0,240.0,0
2778,19.0,1.0,238.0,0
2779,19.0,2.0,239.0,0
2780,18.0,0.0,242.0,0
2781,19.0,4.0,238.0,0
2782,19.0,3.0,236.0,0
2783,18.0,3.0,233.0,0
2784,17.0,3.0,237.0,0
2785,18.0,-1.0,234.0,0
2786,18.0,1.0,237.0,0
2787,18.0,2.0,232.0,0
2788,19.0,1.0,239.0,0
2789,22.0,-1.0,242.0,0
2790,18.0,0.0,241.0,0
2791,24.0,-1.0,240.0,0
2792,21.0,0.0,238.0,0
2793,21.0,1.0,235.0,0
2794,22.0,1.0,238.0,0
2795,21.0,4.0,239.0,0
2796,22.0,-1.0,237.0,0
2797,24.0,1.0,236.0,0
2798,21.0,-1.0,238.0,0
2799,20.0,-2.0,238.0,0
2800,21.0,-2.0,238.0,0
2801,19.0,-2.0,238.0,0
2802,21.0,0.0,239.0,0
2803,19.0,0.0,241.0,0
2804,24.0,1.0,238.0,0
2805,22.0,1.0,238.0,0
2806,23.0,0.0,240.0,0
2807,20.0,3.0,239.0,0
2808,20.0,4.0,238.0,0
2809,20.0,2.0,239.0,0
2810,22.0,1.0,242.0,0
2811,18.0,-1.0,238.0,0
2812,17.0,4.0,242.0,0
2813,19.0,-2.0,241.0,0
2814,18.0,-2.0,240.0,0
2815,18.0,0.0,241.0,0
2816,20.0,1.0,237.0,0
2817,17.0,-1.0,237.0,0
2818,20.0,1.0,237.0,0
2819,21.0,-1.0,239.0,0
2820,21.0,1.0,236.0,0
2821,21.0,0.0,238.0,0
2822,20.0,4.0,239.0,0
2823,20.0,0.0,242.0,0
2824,19.0,2.0,237.0,0
2825,20.0,3.0,238.0,0
2826,19.0,3.0,240.0,0
2827,16.0,4.0,243.0,0
2828,20.0,1.0,239.0,0
2829,18.0,1.0,240.0,0
2830,21.0,0.0,239.0,0
2831,19.0,1.0,236.0,0
2832,19.0,0.0,238.0,0
2833,17.0,2.0,234.0,0
2834,17.0,2.0,246.0,0
2835,19.0,2.0,238.0,0
2836,17.0,2.0,243.0,0
2837,18.0,2.0,236.0,0
2838,20.0,1.0,240.0,0
2839,16.0,0.0,239.0,0
2840,20.0,-1.0,237.0,0
2841,16.0,2.0,240.0,0
2842,18.0,1.0,238.0,0
2843,17.0,-2.0,240.0,0
2844,20.0,-1.0,240.0,0
2845,17.0,4.0,241.0,0
2846,20.0,3.0,241.0,0
2847,20.0,5.0,240.0,0
2848,18.0,1.0,238.0,0
2849,16.0,2.0,243.0,0
2850,17.0,1.0,240.0,0
2851,18.0,2.0,237.0,0
2852,19.0,-2.0,237.0,0
2853,19.0,1.0,238.0,0
2854,15.0,-1.0,239.0,0
2855,18.0,0.0,239.0,0
2856,23.0,2.0,237.0,0
2857,18.0,2.0,240.0,0
2858,16.0,-1.0,241.0,0
2859,19.0,-1.0,238.0,0
2860,17.0,0.0,238.0,0
2861,21.0,-2.0,242.0,0
2862,20.0,0.0,239.0,0
2863,16.0,2.0,239.0,0
2864,18.0,0.0,241.0,0
2865,19.0,0.0,238.0,0
2866,17.0,1.0,240.0,0
2867,18.0,-1.0,243.0,0
2868,17.0,1.0,242.0,0
2869,17.0,1.0,238.0,0
2870,18.0,2.0,236.0,0
2871,17.0,0.0,238.0,0
2872,18.0,0.0,236.0,0
2873,15.0,4.0,243.0,0
2874,20.0,1.0,237.0,0
2875,18.0,1.0,242.0,0
2876,18.0,3.0,241.0,0
2877,18.0,2.0,240.0,0
2878,17.0,1.0,241.0,0
2879,20.0,4.0,238.0,0
2880,19.0,2.0,240.0,0
2881,19.0,3.0,241.0,0
2882,17.0,1.0,240.0,0
2883,17.0,0.0,238.0,0
2884,18.0,1.0,241.0,0
2885,18.0,0.0,235.0,0
2886,17.0,0.0,240.0,0
2887,15.0,1.0,238.0,0
2888,15.0,2.0,240.0,0
2889,19.0,1.0,237.0,0
2890,19.0,4.0,240.0,0
2891,19.0,-1.0,242.0,0
2892,17.0,2.0,244.0,0
2893,19.0,-1.0,239.0,0
2894,19.0,-1.0,241.0,0
2895,17.0,2.0,242.0,0
2896,17.0,1.0,243.0,0
2897,17.0,-1.0,241.0,0
2898,20.0,-1.0,236.0,0
2899,24.0,-1.0,235.0,0
2900,18.0,-1.0,236.0,0
2901,18.0,2.0,241.0,0
2902,15.0,-1.0,237.0,0
2903,14.0,-1.0,235.0,0
2904,20.0,-1.0,234.0,0
2905,17.0,-1.0,236.0,0
2906,19.0,-1.0,234.0,0
2907,18.0,-1.0,236.0,0
2908,19.0,3.0,233.0,0
2909,19.0,1.0,237.0,0
2910,16.0,5.0,237.0,0
2911,16.0,7.0,239.0,0
2912,18.0,0.0,238.0,0
2913,18.0,2.0,237.0,0
2914,18.0,4.0,238.0,0
2915,17.0,1.0,236.0,0
2916,19.0,4.0,237.0,0
2917,21.0,6.0,242.0,0
2918,18.0,6.0,237.0,0
2919,16.0,5.0,241.0,0
2920,18.0,1.0,239.0,0
2921,18.0,10.0,234.0,0
2922,14.0,2.0,240.0,0
2923,18.0,1.0,238.0,0
2924,12.0,7.0,239.0,0
2925,15.0,2.0,240.0,0
2926,14.0,2.0,239.0,0
2927,15.0,-2.0,238.0,0
2928,19.0,1.0,236.0,0
2929,16.0,-1.0,236.0,0
2930,19.0,-1.0,238.0,0
2931,17.0,0.0,237.0,0
2932,12.0,6.0,245.0,0
2933,15.0,3.0,241.0,0
2934,17.0,4.0,242.0,0
2935,16.0,4.0,241.0,0
2936,16.0,2.0,240.0,0
2937,20.0,2.0,240.0,0
2938,18.0,1.0,239.0,0
2939,17.0,0.0,242.0,0
2940,15.0,5.0,243.0,0
2941,18.0,3.0,236.0,0
2942,16.0,2.0,237.0,0
2943,19.0,0.0,244.0,0
2944,17.0,2.0,237.0,0
2945,14.0,4.0,235.0,0
2946,15.0,1.0,240.0,0
2947,16.0,1.0,237.0,0
2948,15.0,2.0,243.0,0
2949,16.0,-1.0,238.0,0
2950,16.0,3.0,240.0,0
2951,15.0,1.0,240.0,0
2952,14.0,3.0,237.0,0
2953,16.0,2.0,239.0,0
2954,18.0,1.0,237.0,0
2955,15.0,7.0,239.0,0
2956,14.0,2.0,239.0,0
2957,15.0,3.0,236.0,0
2958,15.0,1.0,237.0,0
2959,12.0,3.0,240.0,0
2960,14.0,1.0,239.0,0
2961,14.0,0.0,238.0,0
2962,14.0,3.0,239.0,0
2963,15.0,5.0,240.0,0
2964,15.0,5.0,240.0,0
2965,18.0,6.0,234.0,0
2966,17.0,2.0,238.0,0
2967,14.0,2.0,242.0,0
2968,17.0,3.0,243.0,0
2969,15.0,6.0,241.0,0
2970,17.0,3.0,242.0,0
2971,17.0,2.0,242.0,0
2972,15.0,2.0,242.0,0
2973,17.0,1.0,241.0,0
2974,15.0,1.0,242.0,0
2975,20.0,0.0,245.0,0
2976,21.0,-1.0,239.0,0
2977,20.0,6.0,242.0,0
2978,19.0,3.0,242.0,0
2979,19.0,5.0,240.0,0
2980,22.0,2.0,236.0,0
2981,19.0,4.0,240.0,0
2982,20.0,4.0,238.0,0
2983,19.0,6.0,243.0,0
2984,18.0,5.0,239.0,0
2985,18.0,5.0,243.0,0
2986,18.0,0.0,241.0,0
2987,18.0,3.0,237.0,0
2988,15.0,3.0,238.0,0
2989,18.0,2.0,234.0,0
2990,17.0,4.0,239.0,0
2991,15.0,5.0,238.0,0
2992,18.0,4.0,241.0,0
2993,16.0,5.0,239.0,0
2994,15.0,6.0,237.0,0
2995,16.0,2.0,236.0,0
2996,19.0,3.0,238.0,0
2997,15.0,3.0,238.0,0
2998,16.0,3.0,237.0,0
2999,15.0,2.0,236.0,0
