,accelerometer_x,accelerometer_y,accelerometer_z,fall
0,-13.0,-251.0,-12.0,0
1,-16.0,-253.0,-13.0,0
2,-11.0,-252.0,-14.0,0
3,-17.0,-252.0,-14.0,0
4,-13.0,-249.0,-14.0,0
5,-16.0,-252.0,-14.0,0
6,-13.0,-251.0,-14.0,0
7,-17.0,-249.0,-14.0,0
8,-13.0,-246.0,-18.0,0
9,-10.0,-251.0,-14.0,0
10,-14.0,-254.0,-18.0,0
11,-12.0,-251.0,-16.0,0
12,-12.0,-252.0,-17.0,0
13,-15.0,-250.0,-14.0,0
14,-14.0,-252.0,-13.0,0
15,-16.0,-250.0,-12.0,0
16,-13.0,-252.0,-15.0,0
17,-15.0,-251.0,-14.0,0
18,-14.0,-248.0,-14.0,0
19,-15.0,-251.0,-16.0,0
20,-13.0,-253.0,-11.0,0
21,-14.0,-253.0,-15.0,0
22,-15.0,-253.0,-15.0,0
23,-14.0,-252.0,-14.0,0
24,-18.0,-252.0,-15.0,0
25,-13.0,-252.0,-19.0,0
26,-14.0,-252.0,-18.0,0
27,-11.0,-251.0,-16.0,0
28,-13.0,-252.0,-15.0,0
29,-14.0,-248.0,-15.0,0
30,-13.0,-250.0,-17.0,0
31,-14.0,-249.0,-10.0,0
32,-13.0,-251.0,-13.0,0
33,-13.0,-253.0,-13.0,0
34,-11.0,-254.0,-15.0,0
35,-13.0,-255.0,-15.0,0
36,-13.0,-253.0,-19.0,0
37,-14.0,-251.0,-17.0,0
38,-16.0,-250.0,-15.0,0
39,-14.0,-249.0,-20.0,0
40,-10.0,-251.0,-18.0,0
41,-12.0,-251.0,-15.0,0
42,-14.0,-249.0,-15.0,0
43,-11.0,-247.0,-16.0,0
44,-13.0,-249.0,-18.0,0
45,-14.0,-250.0,-18.0,0
46,-13.0,-252.0,-14.0,0
47,-16.0,-252.0,-16.0,0
48,-16.0,-250.0,-11.0,0
49,-14.0,-252.0,-12.0,0
50,-14.0,-253.0,-19.0,0
51,-16.0,-251.0,-16.0,0
52,-14.0,-251.0,-12.0,0
53,-14.0,-252.0,-12.0,0
54,-11.0,-254.0,-14.0,0
55,-15.0,-253.0,-16.0,0
56,-15.0,-251.0,-16.0,0
57,-14.0,-251.0,-17.0,0
58,-13.0,-253.0,-15.0,0
59,-11.0,-251.0,-15.0,0
60,-16.0,-251.0,-18.0,0
61,-11.0,-252.0,-15.0,0
62,-12.0,-253.0,-18.0,0
63,-14.0,-252.0,-16.0,0
64,-15.0,-253.0,-14.0,0
65,-9.0,-256.0,-16.0,0
66,-13.0,-252.0,-10.0,0
67,-16.0,-252.0,-14.0,0
68,-13.0,-251.0,-15.0,0
69,-13.0,-255.0,-14.0,0
70,-15.0,-252.0,-12.0,0
71,-15.0,-252.0,-14.0,0
72,-11.0,-253.0,-16.0,0
73,-14.0,-250.0,-14.0,0
74,-13.0,-252.0,-16.0,0
75,-16.0,-250.0,-9.0,0
76,-14.0,-252.0,-17.0,0
77,-12.0,-251.0,-18.0,0
78,-15.0,-251.0,-17.0,0
79,-11.0,-251.0,-14.0,0
80,-16.0,-249.0,-15.0,0
81,-13.0,-251.0,-14.0,0
82,-13.0,-248.0,-16.0,0
83,-16.0,-252.0,-20.0,0
84,-15.0,-251.0,-17.0,0
85,-13.0,-250.0,-14.0,0
86,-14.0,-252.0,-17.0,0
87,-17.0,-253.0,-15.0,0
88,-12.0,-254.0,-16.0,0
89,-14.0,-249.0,-18.0,0
90,-14.0,-254.0,-15.0,0
91,-12.0,-252.0,-19.0,0
92,-14.0,-250.0,-17.0,0
93,-16.0,-250.0,-14.0,0
94,-15.0,-248.0,-16.0,0
95,-19.0,-250.0,-18.0,0
96,-15.0,-255.0,-14.0,0
97,-14.0,-253.0,-18.0,0
98,-16.0,-250.0,-19.0,0
99,-13.0,-249.0,-15.0,0
100,-11.0,-252.0,-14.0,0
101,-14.0,-253.0,-11.0,0
102,-12.0,-254.0,-15.0,0
103,-14.0,-251.0,-20.0,0
104,-10.0,-253.0,-15.0,0
105,-9.0,-254.0,-20.0,0
106,-14.0,-252.0,-17.0,0
107,-13.0,-250.0,-18.0,0
108,-16.0,-249.0,-18.0,0
109,-15.0,-249.0,-14.0,0
110,-15.0,-254.0,-21.0,0
111,-15.0,-253.0,-13.0,0
112,-14.0,-251.0,-13.0,0
113,-14.0,-252.0,-15.0,0
114,-13.0,-252.0,-15.0,0
115,-12.0,-250.0,-16.0,0
116,-13.0,-250.0,-13.0,0
117,-15.0,-248.0,-15.0,0
118,-15.0,-250.0,-11.0,0
119,-14.0,-248.0,-18.0,0
120,-16.0,-248.0,-17.0,0
121,-15.0,-251.0,-14.0,0
122,-14.0,-247.0,-14.0,0
123,-14.0,-253.0,-16.0,0
124,-15.0,-251.0,-14.0,0
125,-14.0,-248.0,-14.0,0
126,-15.0,-251.0,-9.0,0
127,-15.0,-252.0,-12.0,0
128,-13.0,-255.0,-15.0,0
129,-15.0,-254.0,-16.0,0
130,-13.0,-253.0,-14.0,0
131,-14.0,-254.0,-15.0,0
132,-15.0,-253.0,-13.0,0
133,-14.0,-251.0,-15.0,0
134,-16.0,-249.0,-12.0,0
135,-17.0,-250.0,-14.0,0
136,-18.0,-252.0,-16.0,0
137,-13.0,-253.0,-12.0,0
138,-13.0,-251.0,-13.0,0
139,-11.0,-252.0,-16.0,0
140,-13.0,-250.0,-14.0,0
141,-16.0,-249.0,-12.0,0
142,-14.0,-251.0,-15.0,0
143,-17.0,-251.0,-13.0,0
144,-12.0,-246.0,-15.0,0
145,-14.0,-250.0,-14.0,0
146,-14.0,-253.0,-17.0,0
147,-14.0,-252.0,-16.0,0
148,-17.0,-252.0,-18.0,0
149,-14.0,-253.0,-14.0,0
150,-15.0,-251.0,-14.0,0
151,-16.0,-253.0,-12.0,0
152,-14.0,-255.0,-16.0,0
153,-17.0,-250.0,-19.0,0
154,-16.0,-252.0,-13.0,0
155,-11.0,-254.0,-13.0,0
156,-14.0,-251.0,-14.0,0
157,-19.0,-253.0,-13.0,0
158,-15.0,-251.0,-12.0,0
159,-12.0,-250.0,-13.0,0
160,-11.0,-250.0,-16.0,0
161,-16.0,-250.0,-13.0,0
162,-13.0,-251.0,-17.0,0
163,-15.0,-252.0,-16.0,0
164,-11.0,-251.0,-15.0,0
165,-15.0,-254.0,-14.0,0
166,-13.0,-250.0,-14.0,0
167,-16.0,-250.0,-19.0,0
168,-13.0,-254.0,-15.0,0
169,-14.0,-252.0,-13.0,0
170,-11.0,-255.0,-16.0,0
171,-15.0,-251.0,-19.0,0
172,-16.0,-251.0,-12.0,0
173,-13.0,-252.0,-13.0,0
174,-13.0,-253.0,-14.0,0
175,-12.0,-251.0,-15.0,0
176,-13.0,-252.0,-13.0,0
177,-16.0,-252.0,-18.0,0
178,-16.0,-253.0,-16.0,0
179,-13.0,-252.0,-17.0,0
180,-15.0,-249.0,-14.0,0
181,-13.0,-250.0,-16.0,0
182,-13.0,-250.0,-17.0,0
183,-12.0,-251.0,-15.0,0
184,-15.0,-251.0,-18.0,0
185,-14.0,-253.0,-15.0,0
186,-16.0,-254.0,-14.0,0
187,-16.0,-254.0,-13.0,0
188,-13.0,-254.0,-13.0,0
189,-14.0,-251.0,-15.0,0
190,-15.0,-250.0,-15.0,0
191,-15.0,-249.0,-15.0,0
192,-13.0,-251.0,-16.0,0
193,-12.0,-253.0,-7.0,0
194,-14.0,-252.0,-13.0,0
195,-14.0,-252.0,-13.0,0
196,-15.0,-250.0,-13.0,0
197,-13.0,-249.0,-15.0,0
198,-14.0,-249.0,-14.0,0
199,-12.0,-252.0,-14.0,0
200,-16.0,-251.0,-13.0,0
201,-12.0,-256.0,-14.0,0
202,-16.0,-252.0,-15.0,0
203,-12.0,-252.0,-15.0,0
204,-13.0,-253.0,-15.0,0
205,-18.0,-249.0,-12.0,0
206,-12.0,-254.0,-16.0,0
207,-13.0,-252.0,-12.0,0
208,-7.0,-252.0,-13.0,0
209,-14.0,-252.0,-13.0,0
210,-13.0,-248.0,-15.0,0
211,-17.0,-250.0,-14.0,0
212,-12.0,-253.0,-14.0,0
213,-17.0,-252.0,-14.0,0
214,-14.0,-256.0,-14.0,0
215,-16.0,-255.0,-16.0,0
216,-13.0,-255.0,-14.0,0
217,-14.0,-257.0,-13.0,0
218,-13.0,-249.0,-9.0,0
219,-16.0,-251.0,-16.0,0
220,-15.0,-251.0,-15.0,0
221,-13.0,-250.0,-15.0,0
222,-11.0,-250.0,-17.0,0
223,-11.0,-247.0,-15.0,0
224,-14.0,-251.0,-21.0,0
225,-12.0,-249.0,-16.0,0
226,-14.0,-251.0,-15.0,0
227,-10.0,-254.0,-18.0,0
228,-16.0,-253.0,-11.0,0
229,-13.0,-252.0,-18.0,0
230,-12.0,-255.0,-12.0,0
231,-12.0,-251.0,-14.0,0
232,-14.0,-252.0,-15.0,0
233,-14.0,-255.0,-12.0,0
234,-13.0,-254.0,-13.0,0
235,-15.0,-254.0,-14.0,0
236,-15.0,-249.0,-16.0,0
237,-14.0,-251.0,-14.0,0
238,-15.0,-252.0,-16.0,0
239,-13.0,-248.0,-14.0,0
240,-15.0,-249.0,-17.0,0
241,-13.0,-251.0,-17.0,0
242,-11.0,-252.0,-14.0,0
243,-11.0,-250.0,-18.0,0
244,-11.0,-251.0,-16.0,0
245,-16.0,-254.0,-17.0,0
246,-14.0,-252.0,-13.0,0
247,-14.0,-256.0,-10.0,0
248,-13.0,-255.0,-9.0,0
249,-14.0,-252.0,-15.0,0
250,-16.0,-254.0,-15.0,0
251,-16.0,-251.0,-14.0,0
252,-16.0,-249.0,-10.0,0
253,-13.0,-249.0,-18.0,0
254,-17.0,-251.0,-15.0,0
255,-14.0,-253.0,-17.0,0
256,-13.0,-248.0,-16.0,0
257,-13.0,-251.0,-15.0,0
258,-14.0,-251.0,-16.0,0
259,-13.0,-253.0,-21.0,0
260,-15.0,-250.0,-12.0,0
261,-17.0,-253.0,-13.0,0
262,-15.0,-254.0,-13.0,0
263,-15.0,-253.0,-14.0,0
264,-12.0,-253.0,-12.0,0
265,-15.0,-253.0,-17.0,0
266,-15.0,-252.0,-17.0,0
267,-17.0,-251.0,-12.0,0
268,-15.0,-255.0,-12.0,0
269,-13.0,-252.0,-16.0,0
270,-21.0,-250.0,-12.0,0
271,-15.0,-254.0,-13.0,0
272,-16.0,-250.0,-15.0,0
273,-16.0,-253.0,-17.0,0
274,-13.0,-255.0,-12.0,0
275,-14.0,-255.0,-12.0,0
276,-15.0,-250.0,-17.0,0
277,-12.0,-251.0,-15.0,0
278,-15.0,-251.0,-13.0,0
279,-13.0,-252.0,-16.0,0
280,-14.0,-252.0,-17.0,0
281,-16.0,-250.0,-16.0,0
282,-13.0,-248.0,-14.0,0
283,-13.0,-251.0,-15.0,0
284,-11.0,-253.0,-15.0,0
285,-16.0,-252.0,-15.0,0
286,-17.0,-251.0,-13.0,0
287,-16.0,-251.0,-15.0,0
288,-15.0,-248.0,-12.0,0
289,-18.0,-249.0,-16.0,0
290,-15.0,-247.0,-13.0,0
291,-12.0,-252.0,-12.0,0
292,-16.0,-252.0,-18.0,0
293,-14.0,-254.0,-13.0,0
294,-16.0,-253.0,-12.0,0
295,-15.0,-255.0,-13.0,0
296,-16.0,-250.0,-16.0,0
297,-13.0,-253.0,-9.0,0
298,-15.0,-251.0,-14.0,0
299,-16.0,-249.0,-15.0,0
300,-13.0,-254.0,-12.0,0
301,-14.0,-249.0,-13.0,0
302,-14.0,-252.0,-15.0,0
303,-15.0,-250.0,-15.0,0
304,-15.0,-249.0,-13.0,0
305,-15.0,-252.0,-17.0,0
306,-14.0,-249.0,-16.0,0
307,-16.0,-249.0,-16.0,0
308,-12.0,-252.0,-16.0,0
309,-15.0,-252.0,-15.0,0
310,-14.0,-255.0,-15.0,0
311,-15.0,-250.0,-13.0,0
312,-15.0,-250.0,-12.0,0
313,-17.0,-254.0,-10.0,0
314,-13.0,-255.0,-14.0,0
315,-15.0,-253.0,-15.0,0
316,-12.0,-252.0,-15.0,0
317,-12.0,-250.0,-15.0,0
318,-14.0,-250.0,-14.0,0
319,-10.0,-250.0,-12.0,0
320,-13.0,-252.0,-12.0,0
321,-13.0,-252.0,-13.0,0
322,-12.0,-252.0,-14.0,0
323,-15.0,-251.0,-13.0,0
324,-14.0,-250.0,-15.0,0
325,-18.0,-250.0,-14.0,0
326,-14.0,-250.0,-13.0,0
327,-17.0,-249.0,-11.0,0
328,-17.0,-254.0,-15.0,0
329,-16.0,-251.0,-14.0,0
330,-14.0,-256.0,-14.0,0
331,-16.0,-251.0,-15.0,0
332,-14.0,-249.0,-13.0,0
333,-15.0,-255.0,-15.0,0
334,-14.0,-250.0,-14.0,0
335,-13.0,-250.0,-12.0,0
336,-15.0,-251.0,-14.0,0
337,-14.0,-250.0,-15.0,0
338,-14.0,-253.0,-16.0,0
339,-13.0,-251.0,-7.0,0
340,-14.0,-251.0,-10.0,0
341,-15.0,-250.0,-14.0,0
342,-13.0,-254.0,-12.0,0
343,-14.0,-257.0,-9.0,0
344,-11.0,-255.0,-13.0,0
345,-14.0,-256.0,-10.0,0
346,-15.0,-250.0,-8.0,0
347,-17.0,-253.0,-15.0,0
348,-14.0,-251.0,-13.0,0
349,-12.0,-253.0,-13.0,0
350,-14.0,-251.0,-9.0,0
351,-15.0,-249.0,-14.0,0
352,-17.0,-250.0,-14.0,0
353,-13.0,-250.0,-14.0,0
354,-15.0,-253.0,-17.0,0
355,-13.0,-252.0,-11.0,0
356,-17.0,-250.0,-9.0,0
357,-12.0,-251.0,-11.0,0
358,-14.0,-252.0,-13.0,0
359,-14.0,-252.0,-11.0,0
360,-9.0,-253.0,-17.0,0
361,-15.0,-251.0,-14.0,0
362,-13.0,-251.0,-13.0,0
363,-10.0,-255.0,-11.0,0
364,-14.0,-252.0,-15.0,0
365,-14.0,-250.0,-15.0,0
366,-10.0,-252.0,-11.0,0
367,-12.0,-251.0,-11.0,0
368,-13.0,-255.0,-14.0,0
369,-15.0,-250.0,-14.0,0
370,-16.0,-248.0,-11.0,0
371,-15.0,-251.0,-13.0,0
372,-14.0,-252.0,-14.0,0
373,-14.0,-252.0,-16.0,0
374,-16.0,-251.0,-15.0,0
375,-12.0,-255.0,-12.0,0
376,-16.0,-254.0,-14.0,0
377,-18.0,-254.0,-12.0,0
378,-14.0,-253.0,-10.0,0
379,-17.0,-251.0,-13.0,0
380,-13.0,-253.0,-13.0,0
381,-16.0,-252.0,-13.0,0
382,-14.0,-250.0,-14.0,0
383,-12.0,-254.0,-12.0,0
384,-12.0,-253.0,-14.0,0
385,-16.0,-251.0,-15.0,0
386,-17.0,-249.0,-15.0,0
387,-15.0,-252.0,-12.0,0
388,-14.0,-251.0,-14.0,0
389,-10.0,-252.0,-12.0,0
390,-15.0,-250.0,-11.0,0
391,-12.0,-255.0,-16.0,0
392,-11.0,-252.0,-17.0,0
393,-11.0,-254.0,-17.0,0
394,-14.0,-257.0,-12.0,0
395,-15.0,-253.0,-14.0,0
396,-14.0,-255.0,-13.0,0
397,-17.0,-253.0,-14.0,0
398,-15.0,-252.0,-14.0,0
399,-13.0,-251.0,-14.0,0
400,-14.0,-252.0,-12.0,0
401,-14.0,-250.0,-9.0,0
402,-13.0,-250.0,-14.0,0
403,-14.0,-248.0,-12.0,0
404,-11.0,-249.0,-11.0,0
405,-13.0,-246.0,-13.0,0
406,-15.0,-251.0,-11.0,0
407,-9.0,-250.0,-14.0,0
408,-12.0,-253.0,-15.0,0
409,-10.0,-250.0,-10.0,0
410,-11.0,-250.0,-15.0,0
411,-10.0,-250.0,-13.0,0
412,-11.0,-250.0,-12.0,0
413,-15.0,-254.0,-12.0,0
414,-14.0,-250.0,-10.0,0
415,-15.0,-255.0,-13.0,0
416,-14.0,-254.0,-13.0,0
417,-15.0,-252.0,-10.0,0
418,-16.0,-252.0,-16.0,0
419,-15.0,-252.0,-13.0,0
420,-15.0,-253.0,-15.0,0
421,-15.0,-251.0,-16.0,0
422,-15.0,-254.0,-15.0,0
423,-12.0,-255.0,-6.0,0
424,-14.0,-250.0,-16.0,0
425,-14.0,-250.0,-13.0,0
426,-15.0,-251.0,-10.0,0
427,-12.0,-250.0,-11.0,0
428,-14.0,-250.0,-17.0,0
429,-15.0,-251.0,-12.0,0
430,-13.0,-250.0,-10.0,0
431,-12.0,-250.0,-12.0,0
432,-14.0,-253.0,-9.0,0
433,-15.0,-252.0,-14.0,0
434,-13.0,-254.0,-14.0,0
435,-13.0,-255.0,-14.0,0
436,-11.0,-255.0,-15.0,0
437,-14.0,-252.0,-11.0,0
438,-13.0,-253.0,-15.0,0
439,-13.0,-251.0,-13.0,0
440,-14.0,-252.0,-15.0,0
441,-14.0,-251.0,-14.0,0
442,-15.0,-252.0,-13.0,0
443,-12.0,-252.0,-9.0,0
444,-14.0,-253.0,-15.0,0
445,-15.0,-252.0,-13.0,0
446,-13.0,-252.0,-13.0,0
447,-12.0,-252.0,-15.0,0
448,-17.0,-253.0,-10.0,0
449,-17.0,-252.0,-15.0,0
450,-11.0,-253.0,-14.0,0
451,-17.0,-249.0,-16.0,0
452,-10.0,-249.0,-10.0,0
453,-10.0,-254.0,-13.0,0
454,-16.0,-252.0,-14.0,0
455,-14.0,-251.0,-14.0,0
456,-18.0,-250.0,-15.0,0
457,-15.0,-252.0,-13.0,0
458,-16.0,-251.0,-13.0,0
459,-10.0,-252.0,-12.0,0
460,-15.0,-252.0,-11.0,0
461,-16.0,-254.0,-11.0,0
462,-13.0,-251.0,-14.0,0
463,-14.0,-252.0,-12.0,0
464,-16.0,-251.0,-13.0,0
465,-13.0,-254.0,-16.0,0
466,-14.0,-252.0,-17.0,0
467,-16.0,-252.0,-11.0,0
468,-13.0,-250.0,-12.0,0
469,-13.0,-249.0,-17.0,0
470,-12.0,-251.0,-13.0,0
471,-14.0,-252.0,-14.0,0
472,-12.0,-252.0,-15.0,0
473,-12.0,-252.0,-13.0,0
474,-13.0,-252.0,-12.0,0
475,-11.0,-254.0,-12.0,0
476,-14.0,-254.0,-10.0,0
477,-15.0,-254.0,-11.0,0
478,-15.0,-253.0,-12.0,0
479,-16.0,-253.0,-11.0,0
480,-14.0,-252.0,-10.0,0
481,-13.0,-252.0,-10.0,0
482,-13.0,-252.0,-9.0,0
483,-14.0,-250.0,-9.0,0
484,-12.0,-250.0,-8.0,0
485,-13.0,-248.0,-12.0,0
486,-15.0,-247.0,-15.0,0
487,-15.0,-251.0,-11.0,0
488,-13.0,-247.0,-13.0,0
489,-11.0,-253.0,-15.0,0
490,-16.0,-250.0,-14.0,0
491,-15.0,-250.0,-11.0,0
492,-13.0,-251.0,-11.0,0
493,-14.0,-251.0,-11.0,0
494,-15.0,-250.0,-10.0,0
495,-12.0,-252.0,-10.0,0
496,-16.0,-248.0,-11.0,0
497,-17.0,-252.0,-11.0,0
498,-12.0,-254.0,-13.0,0
499,-15.0,-250.0,-9.0,0
500,-14.0,-252.0,-14.0,0
501,-16.0,-254.0,-12.0,0
502,-15.0,-253.0,-14.0,0
503,-15.0,-255.0,-13.0,0
504,-13.0,-253.0,-12.0,0
505,-13.0,-250.0,-15.0,0
506,-14.0,-253.0,-12.0,0
507,-11.0,-253.0,-12.0,0
508,-13.0,-251.0,-12.0,0
509,-16.0,-252.0,-11.0,0
510,-14.0,-248.0,-13.0,0
511,-13.0,-252.0,-14.0,0
512,-14.0,-253.0,-16.0,0
513,-16.0,-252.0,-12.0,0
514,-15.0,-251.0,-11.0,0
515,-14.0,-253.0,-13.0,0
516,-16.0,-253.0,-12.0,0
517,-17.0,-252.0,-17.0,0
518,-19.0,-253.0,-15.0,0
519,-14.0,-253.0,-11.0,0
520,-14.0,-249.0,-15.0,0
521,-15.0,-250.0,-14.0,0
522,-13.0,-251.0,-13.0,0
523,-13.0,-253.0,-12.0,0
524,-14.0,-249.0,-9.0,0
525,-15.0,-248.0,-12.0,0
526,-12.0,-254.0,-13.0,0
527,-16.0,-248.0,-17.0,0
528,-14.0,-254.0,-14.0,0
529,-12.0,-252.0,-8.0,0
530,-16.0,-252.0,-13.0,0
531,-17.0,-249.0,-11.0,0
532,-16.0,-252.0,-12.0,0
533,-13.0,-253.0,-12.0,0
534,-14.0,-251.0,-14.0,0
535,-14.0,-253.0,-12.0,0
536,-17.0,-249.0,-12.0,0
537,-13.0,-249.0,-15.0,0
538,-14.0,-250.0,-15.0,0
539,-15.0,-252.0,-8.0,0
540,-13.0,-251.0,-12.0,0
541,-13.0,-255.0,-11.0,0
542,-16.0,-245.0,-13.0,0
543,-16.0,-251.0,-12.0,0
544,-15.0,-253.0,-16.0,0
545,-13.0,-253.0,-11.0,0
546,-17.0,-251.0,-13.0,0
547,-13.0,-253.0,-7.0,0
548,-13.0,-252.0,-13.0,0
549,-13.0,-257.0,-13.0,0
550,-13.0,-251.0,-13.0,0
551,-14.0,-253.0,-12.0,0
552,-14.0,-253.0,-12.0,0
553,-12.0,-251.0,-15.0,0
554,-13.0,-249.0,-16.0,0
555,-15.0,-251.0,-12.0,0
556,-11.0,-255.0,-11.0,0
557,-14.0,-254.0,-15.0,0
558,-12.0,-250.0,-15.0,0
559,-15.0,-251.0,-10.0,0
560,-14.0,-253.0,-12.0,0
561,-14.0,-251.0,-11.0,0
562,-13.0,-254.0,-12.0,0
563,-14.0,-253.0,-11.0,0
564,-13.0,-251.0,-12.0,0
565,-14.0,-255.0,-13.0,0
566,-13.0,-251.0,-19.0,0
567,-14.0,-247.0,-12.0,0
568,-15.0,-248.0,-11.0,0
569,-13.0,-250.0,-12.0,0
570,-15.0,-250.0,-14.0,0
571,-13.0,-250.0,-11.0,0
572,-16.0,-247.0,-17.0,0
573,-14.0,-249.0,-15.0,0
574,-12.0,-254.0,-14.0,0
575,-14.0,-252.0,-11.0,0
576,-15.0,-252.0,-12.0,0
577,-15.0,-251.0,-16.0,0
578,-16.0,-253.0,-14.0,0
579,-14.0,-253.0,-14.0,0
580,-14.0,-253.0,-9.0,0
581,-15.0,-252.0,-13.0,0
582,-15.0,-250.0,-14.0,0
583,-15.0,-251.0,-15.0,0
584,-13.0,-253.0,-18.0,0
585,-14.0,-250.0,-16.0,0
586,-15.0,-254.0,-14.0,0
587,-13.0,-252.0,-14.0,0
588,-10.0,-252.0,-14.0,0
589,-15.0,-253.0,-13.0,0
590,-18.0,-252.0,-5.0,0
591,-12.0,-253.0,-11.0,0
592,-14.0,-250.0,-10.0,0
593,-14.0,-251.0,-11.0,0
594,-14.0,-255.0,-15.0,0
595,-13.0,-250.0,-12.0,0
596,-13.0,-253.0,-12.0,0
597,-17.0,-251.0,-12.0,0
598,-18.0,-251.0,-17.0,0
599,-15.0,-250.0,-13.0,0
600,-14.0,-255.0,-14.0,0
601,-12.0,-251.0,-14.0,0
602,-13.0,-252.0,-13.0,0
603,-14.0,-252.0,-12.0,0
604,-13.0,-249.0,-15.0,0
605,-15.0,-252.0,-10.0,0
606,-12.0,-254.0,-13.0,0
607,-11.0,-252.0,-15.0,0
608,-13.0,-252.0,-10.0,0
609,-13.0,-254.0,-13.0,0
610,-12.0,-253.0,-10.0,0
611,-10.0,-253.0,-11.0,0
612,-14.0,-252.0,-8.0,0
613,-15.0,-249.0,-12.0,0
614,-16.0,-253.0,-10.0,0
615,-15.0,-251.0,-11.0,0
616,-12.0,-250.0,-10.0,0
617,-17.0,-249.0,-14.0,0
618,-15.0,-248.0,-11.0,0
619,-14.0,-250.0,-12.0,0
620,-14.0,-250.0,-11.0,0
621,-16.0,-251.0,-14.0,0
622,-11.0,-253.0,-11.0,0
623,-15.0,-253.0,-12.0,0
624,-12.0,-251.0,-14.0,0
625,-10.0,-252.0,-9.0,0
626,-15.0,-255.0,-10.0,0
627,-13.0,-250.0,-11.0,0
628,-10.0,-252.0,-10.0,0
629,-15.0,-250.0,-9.0,0
630,-13.0,-249.0,-11.0,0
631,-14.0,-251.0,-11.0,0
632,-14.0,-251.0,-11.0,0
633,-8.0,-263.0,-16.0,0
634,-15.0,-248.0,-10.0,0
635,-13.0,-250.0,-11.0,0
636,-13.0,-252.0,-9.0,0
637,-12.0,-252.0,-14.0,0
638,-12.0,-251.0,-10.0,0
639,-12.0,-252.0,-16.0,0
640,-14.0,-252.0,-13.0,0
641,-14.0,-256.0,-12.0,0
642,-15.0,-253.0,-15.0,0
643,-16.0,-253.0,-12.0,0
644,-17.0,-251.0,-12.0,0
645,-15.0,-254.0,-9.0,0
646,-18.0,-250.0,-13.0,0
647,-14.0,-250.0,-14.0,0
648,-16.0,-253.0,-10.0,0
649,-18.0,-250.0,-16.0,0
650,-14.0,-250.0,-5.0,0
651,-14.0,-249.0,-13.0,0
652,-13.0,-250.0,-10.0,0
653,-15.0,-250.0,-13.0,0
654,-17.0,-251.0,-10.0,0
655,-12.0,-252.0,-11.0,0
656,-14.0,-250.0,-13.0,0
657,-13.0,-257.0,-8.0,0
658,-13.0,-253.0,-12.0,0
659,-11.0,-254.0,-10.0,0
660,-16.0,-251.0,-12.0,0
661,-14.0,-253.0,-5.0,0
662,-16.0,-250.0,-12.0,0
663,-15.0,-251.0,-12.0,0
664,-13.0,-252.0,-12.0,0
665,-13.0,-253.0,-14.0,0
666,-14.0,-252.0,-12.0,0
667,-14.0,-250.0,-11.0,0
668,-13.0,-253.0,-13.0,0
669,-13.0,-253.0,-14.0,0
670,-12.0,-256.0,-14.0,0
671,-12.0,-251.0,-11.0,0
672,-11.0,-253.0,-11.0,0
673,-16.0,-250.0,-11.0,0
674,-16.0,-249.0,-12.0,0
675,-13.0,-251.0,-13.0,0
676,-16.0,-255.0,-16.0,0
677,-15.0,-250.0,-13.0,0
678,-16.0,-251.0,-9.0,0
679,-11.0,-250.0,-14.0,0
680,-14.0,-253.0,-14.0,0
681,-15.0,-250.0,-5.0,0
682,-12.0,-249.0,-13.0,0
683,-15.0,-252.0,-11.0,0
684,-14.0,-250.0,-15.0,0
685,-13.0,-254.0,-13.0,0
686,-12.0,-252.0,-12.0,0
687,-12.0,-253.0,-15.0,0
688,-13.0,-252.0,-16.0,0
689,-10.0,-251.0,-16.0,0
690,-15.0,-252.0,-16.0,0
691,-15.0,-252.0,-16.0,0
692,-12.0,-253.0,-12.0,0
693,-14.0,-254.0,-16.0,0
694,-14.0,-255.0,-14.0,0
695,-17.0,-251.0,-10.0,0
696,-18.0,-253.0,-12.0,0
697,-15.0,-252.0,-14.0,0
698,-14.0,-257.0,-8.0,0
699,-16.0,-250.0,-16.0,0
700,-17.0,-248.0,-14.0,0
701,-14.0,-249.0,-14.0,0
702,-13.0,-252.0,-14.0,0
703,-16.0,-251.0,-17.0,0
704,-13.0,-252.0,-14.0,0
705,-15.0,-252.0,-18.0,0
706,-14.0,-253.0,-14.0,0
707,-14.0,-250.0,-14.0,0
708,-13.0,-253.0,-14.0,0
709,-19.0,-254.0,-14.0,0
710,-17.0,-253.0,-18.0,0
711,-16.0,-257.0,-15.0,0
712,-15.0,-255.0,-11.0,0
713,-16.0,-256.0,-14.0,0
714,-15.0,-252.0,-15.0,0
715,-12.0,-256.0,-15.0,0
716,-15.0,-254.0,-17.0,0
717,-15.0,-254.0,-15.0,0
718,-11.0,-253.0,-17.0,0
719,-11.0,-253.0,-18.0,0
720,-13.0,-252.0,-19.0,0
721,-14.0,-255.0,-18.0,0
722,-14.0,-255.0,-19.0,0
723,-11.0,-256.0,-14.0,0
724,-12.0,-254.0,-17.0,0
725,-10.0,-255.0,-18.0,0
726,-14.0,-253.0,-19.0,0
727,-11.0,-255.0,-20.0,0
728,-15.0,-253.0,-19.0,0
729,-8.0,-256.0,-20.0,0
730,-11.0,-257.0,-20.0,0
731,-9.0,-257.0,-25.0,0
732,-9.0,-258.0,-24.0,0
733,-6.0,-252.0,-27.0,0
734,-7.0,-255.0,-25.0,0
735,-7.0,-250.0,-22.0,0
736,-4.0,-253.0,-27.0,0
737,-1.0,-251.0,-28.0,0
738,0.0,-254.0,-26.0,0
739,-5.0,-252.0,-31.0,0
740,-1.0,-252.0,-28.0,0
741,-3.0,-254.0,-31.0,0
742,-5.0,-250.0,-31.0,0
743,-4.0,-257.0,-30.0,0
744,-7.0,-258.0,-29.0,0
745,-8.0,-256.0,-29.0,0
746,-11.0,-255.0,-31.0,0
747,-11.0,-258.0,-31.0,0
748,-15.0,-259.0,-31.0,0
749,-16.0,-258.0,-31.0,0
750,-18.0,-260.0,-32.0,0
751,-16.0,-261.0,-33.0,0
752,-18.0,-259.0,-35.0,0
753,-19.0,-259.0,-38.0,0
754,-18.0,-258.0,-36.0,0
755,-18.0,-257.0,-33.0,0
756,-16.0,-260.0,-35.0,0
757,-17.0,-260.0,-37.0,0
758,-15.0,-260.0,-35.0,0
759,-14.0,-261.0,-35.0,0
760,-19.0,-260.0,-34.0,0
761,-15.0,-257.0,-39.0,0
762,-16.0,-256.0,-39.0,0
763,-14.0,-255.0,-38.0,0
764,-11.0,-253.0,-37.0,0
765,-9.0,-255.0,-43.0,0
766,-12.0,-252.0,-39.0,0
767,-8.0,-251.0,-43.0,0
768,-3.0,-254.0,-41.0,0
769,-7.0,-254.0,-46.0,0
770,-3.0,-253.0,-47.0,0
771,-1.0,-251.0,-50.0,0
772,-1.0,-250.0,-50.0,0
773,0.0,-247.0,-54.0,0
774,-5.0,-242.0,-52.0,0
775,0.0,-244.0,-54.0,0
776,-3.0,-240.0,-54.0,0
777,-1.0,-238.0,-55.0,0
778,-2.0,-234.0,-52.0,0
779,-6.0,-227.0,-56.0,0
780,-5.0,-221.0,-58.0,0
781,-10.0,-220.0,-62.0,0
782,-8.0,-219.0,-59.0,0
783,-7.0,-214.0,-61.0,0
784,-13.0,-212.0,-65.0,0
785,-13.0,-212.0,-66.0,0
786,-14.0,-209.0,-66.0,0
787,-17.0,-204.0,-72.0,0
788,-21.0,-206.0,-77.0,0
789,-21.0,-205.0,-78.0,0
790,-23.0,-206.0,-88.0,0
791,-23.0,-205.0,-96.0,0
792,-18.0,-203.0,-94.0,0
793,-16.0,-201.0,-93.0,0
794,-13.0,-198.0,-93.0,0
795,-12.0,-195.0,-92.0,0
796,-9.0,-193.0,-90.0,0
797,-11.0,-186.0,-83.0,0
798,-9.0,-179.0,-69.0,0
799,-4.0,-169.0,-66.0,0
800,-4.0,-159.0,-63.0,0
801,0.0,-153.0,-60.0,0
802,-9.0,-138.0,-58.0,0
803,-14.0,-122.0,-54.0,0
804,-18.0,-109.0,-53.0,0
805,-18.0,-99.0,-46.0,0
806,-16.0,-85.0,-45.0,0
807,-13.0,-71.0,-45.0,0
808,-9.0,-58.0,-44.0,0
809,-6.0,-48.0,-44.0,0
810,-1.0,-44.0,-38.0,0
811,-5.0,-35.0,-34.0,0
812,-2.0,-33.0,-34.0,0
813,-3.0,-29.0,-25.0,0
814,2.0,-30.0,-28.0,0
815,7.0,-35.0,-15.0,0
816,7.0,-44.0,-5.0,0
817,11.0,-58.0,1.0,0
818,13.0,-67.0,5.0,0
819,6.0,-77.0,14.0,0
820,-1.0,-82.0,19.0,0
821,-7.0,-85.0,21.0,0
822,4.0,-93.0,17.0,0
823,4.0,-105.0,18.0,0
824,-1.0,-115.0,19.0,0
825,-12.0,-119.0,21.0,0
826,-17.0,-133.0,33.0,0
827,-14.0,-157.0,41.0,0
828,-17.0,-162.0,53.0,0
829,-2.0,-174.0,54.0,0
830,-13.0,-183.0,57.0,0
831,-1.0,-197.0,63.0,0
832,-7.0,-214.0,67.0,0
833,-23.0,-215.0,82.0,0
834,-35.0,-210.0,92.0,0
835,-42.0,-207.0,91.0,0
836,-49.0,-203.0,87.0,0
837,-57.0,-196.0,77.0,0
838,-54.0,-193.0,63.0,0
839,-58.0,-176.0,51.0,0
840,-63.0,-157.0,27.0,0
841,-54.0,-153.0,16.0,0
842,-51.0,-159.0,23.0,0
843,-58.0,-169.0,46.0,0
844,-28.0,-193.0,47.0,0
845,-11.0,-212.0,50.0,0
846,0.0,-234.0,61.0,0
847,6.0,-252.0,57.0,0
848,14.0,-268.0,56.0,0
849,13.0,-275.0,51.0,0
850,3.0,-269.0,52.0,0
851,0.0,-259.0,45.0,0
852,-6.0,-256.0,33.0,0
853,-10.0,-252.0,24.0,0
854,-12.0,-246.0,28.0,0
855,-4.0,-260.0,33.0,0
856,6.0,-281.0,25.0,0
857,22.0,-305.0,62.0,0
858,37.0,-324.0,85.0,0
859,51.0,-347.0,101.0,0
860,59.0,-356.0,119.0,0
861,64.0,-335.0,118.0,0
862,61.0,-320.0,102.0,0
863,46.0,-303.0,85.0,0
864,26.0,-272.0,75.0,0
865,-1.0,-253.0,77.0,0
866,-28.0,-243.0,88.0,0
867,-41.0,-240.0,101.0,0
868,-57.0,-251.0,110.0,0
869,-66.0,-262.0,124.0,0
870,-57.0,-282.0,137.0,0
871,-37.0,-294.0,142.0,0
872,-22.0,-308.0,145.0,0
873,-6.0,-316.0,149.0,0
874,9.0,-321.0,161.0,0
875,25.0,-320.0,160.0,0
876,36.0,-324.0,153.0,0
877,21.0,-329.0,153.0,0
878,24.0,-333.0,156.0,0
879,8.0,-331.0,171.0,0
880,7.0,-331.0,181.0,0
881,0.0,-326.0,190.0,0
882,22.0,-315.0,211.0,0
883,4.0,-310.0,198.0,0
884,2.0,-304.0,195.0,0
885,-4.0,-292.0,185.0,0
886,4.0,-290.0,178.0,0
887,7.0,-287.0,164.0,0
888,-1.0,-287.0,161.0,0
889,-2.0,-286.0,174.0,0
890,1.0,-291.0,181.0,0
891,-5.0,-300.0,179.0,0
892,1.0,-306.0,177.0,0
893,6.0,-313.0,190.0,0
894,7.0,-313.0,191.0,0
895,20.0,-316.0,204.0,0
896,22.0,-306.0,217.0,0
897,54.0,-291.0,229.0,0
898,18.0,-296.0,209.0,0
899,20.0,-284.0,220.0,0
900,11.0,-279.0,208.0,0
901,3.0,-270.0,200.0,0
902,0.0,-264.0,196.0,0
903,0.0,-260.0,191.0,0
904,4.0,-257.0,188.0,0
905,0.0,-257.0,187.0,0
906,1.0,-254.0,188.0,0
907,-2.0,-254.0,189.0,0
908,-10.0,-257.0,191.0,0
909,13.0,-262.0,192.0,0
910,4.0,-260.0,201.0,0
911,8.0,-256.0,210.0,0
912,6.0,-252.0,210.0,0
913,2.0,-246.0,205.0,0
914,4.0,-241.0,204.0,0
915,6.0,-242.0,206.0,0
916,4.0,-240.0,211.0,0
917,4.0,-232.0,208.0,0
918,-2.0,-224.0,209.0,0
919,0.0,-221.0,207.0,0
920,-6.0,-222.0,209.0,0
921,-1.0,-219.0,211.0,0
922,-3.0,-215.0,214.0,0
923,1.0,-215.0,207.0,0
924,3.0,-215.0,209.0,0
925,3.0,-215.0,208.0,0
926,2.0,-211.0,204.0,0
927,1.0,-210.0,201.0,0
928,1.0,-209.0,195.0,0
929,3.0,-207.0,193.0,0
930,0.0,-204.0,189.0,0
931,1.0,-202.0,186.0,0
932,3.0,-198.0,186.0,0
933,4.0,-190.0,181.0,0
934,1.0,-189.0,190.0,0
935,0.0,-182.0,184.0,0
936,0.0,-187.0,185.0,0
937,2.0,-186.0,187.0,0
938,8.0,-181.0,188.0,0
939,13.0,-178.0,187.0,0
940,19.0,-174.0,192.0,0
941,20.0,-166.0,195.0,0
942,23.0,-167.0,198.0,0
943,24.0,-157.0,200.0,0
944,31.0,-147.0,214.0,0
945,29.0,-141.0,223.0,0
946,44.0,-142.0,231.0,0
947,67.0,-144.0,237.0,0
948,71.0,-152.0,246.0,0
949,68.0,-165.0,276.0,0
950,66.0,-177.0,311.0,0
951,56.0,-186.0,320.0,0
952,42.0,-184.0,324.0,0
953,37.0,-176.0,330.0,0
954,26.0,-164.0,314.0,0
955,19.0,-136.0,289.0,0
956,10.0,-111.0,261.0,0
957,1.0,-92.0,246.0,0
958,3.0,-93.0,227.0,0
959,9.0,-97.0,215.0,0
960,5.0,-113.0,203.0,0
961,3.0,-128.0,191.0,0
962,4.0,-145.0,176.0,0
963,8.0,-156.0,171.0,0
964,9.0,-167.0,160.0,0
965,15.0,-167.0,158.0,0
966,19.0,-162.0,157.0,0
967,21.0,-159.0,157.0,0
968,24.0,-159.0,163.0,0
969,27.0,-163.0,162.0,0
970,26.0,-165.0,165.0,0
971,27.0,-169.0,173.0,0
972,34.0,-176.0,173.0,0
973,35.0,-174.0,175.0,0
974,37.0,-179.0,175.0,0
975,43.0,-178.0,180.0,0
976,45.0,-177.0,187.0,0
977,48.0,-179.0,190.0,0
978,43.0,-179.0,192.0,0
979,41.0,-175.0,197.0,0
980,39.0,-176.0,194.0,0
981,34.0,-177.0,192.0,0
982,34.0,-175.0,193.0,0
983,32.0,-174.0,190.0,0
984,31.0,-171.0,186.0,0
985,30.0,-167.0,181.0,0
986,27.0,-167.0,178.0,0
987,22.0,-162.0,173.0,0
988,15.0,-168.0,171.0,0
989,15.0,-168.0,174.0,0
990,12.0,-171.0,170.0,0
991,12.0,-169.0,175.0,0
992,12.0,-178.0,178.0,0
993,12.0,-178.0,182.0,0
994,12.0,-178.0,184.0,0
995,11.0,-176.0,189.0,0
996,13.0,-174.0,191.0,0
997,15.0,-160.0,199.0,0
998,18.0,-145.0,206.0,0
999,20.0,-130.0,218.0,0
1000,17.0,-106.0,223.0,0
1001,18.0,-95.0,231.0,0
1002,21.0,-90.0,236.0,0
1003,22.0,-89.0,235.0,0
1004,27.0,-95.0,229.0,0
1005,35.0,-112.0,223.0,0
1006,37.0,-119.0,219.0,0
1007,36.0,-137.0,212.0,0
1008,33.0,-150.0,211.0,0
1009,29.0,-162.0,213.0,0
1010,25.0,-168.0,211.0,0
1011,25.0,-165.0,201.0,0
1012,22.0,-164.0,195.0,0
1013,17.0,-158.0,183.0,0
1014,15.0,-158.0,168.0,0
1015,6.0,-155.0,159.0,0
1016,1.0,-155.0,148.0,0
1017,-2.0,-164.0,147.0,0
1018,-8.0,-166.0,151.0,0
1019,-9.0,-171.0,151.0,0
1020,-9.0,-181.0,158.0,0
1021,-8.0,-184.0,165.0,0
1022,-2.0,-186.0,174.0,0
1023,0.0,-183.0,175.0,0
1024,3.0,-190.0,179.0,0
1025,3.0,-190.0,175.0,0
1026,9.0,-191.0,176.0,0
1027,9.0,-195.0,183.0,0
1028,14.0,-199.0,180.0,0
1029,15.0,-199.0,177.0,0
1030,16.0,-195.0,180.0,0
1031,21.0,-194.0,172.0,0
1032,21.0,-195.0,168.0,0
1033,16.0,-187.0,165.0,0
1034,18.0,-184.0,164.0,0
1035,18.0,-185.0,160.0,0
1036,19.0,-183.0,167.0,0
1037,18.0,-182.0,160.0,0
1038,15.0,-182.0,163.0,0
1039,16.0,-182.0,167.0,0
1040,19.0,-180.0,165.0,0
1041,19.0,-180.0,172.0,0
1042,21.0,-181.0,172.0,0
1043,20.0,-185.0,178.0,0
1044,24.0,-183.0,183.0,0
1045,20.0,-182.0,184.0,0
1046,19.0,-184.0,179.0,0
1047,21.0,-178.0,177.0,0
1048,20.0,-177.0,184.0,0
1049,21.0,-179.0,183.0,0
1050,17.0,-179.0,184.0,0
1051,17.0,-178.0,189.0,0
1052,15.0,-176.0,182.0,0
1053,15.0,-171.0,183.0,0
1054,14.0,-168.0,184.0,0
1055,15.0,-165.0,184.0,0
1056,13.0,-163.0,183.0,0
1057,9.0,-158.0,180.0,0
1058,13.0,-157.0,186.0,0
1059,11.0,-158.0,183.0,0
1060,13.0,-159.0,185.0,0
1061,14.0,-156.0,190.0,0
1062,16.0,-158.0,187.0,0
1063,19.0,-158.0,188.0,0
1064,21.0,-159.0,189.0,0
1065,21.0,-157.0,188.0,0
1066,21.0,-158.0,189.0,0
1067,19.0,-157.0,189.0,0
1068,19.0,-160.0,190.0,0
1069,20.0,-159.0,190.0,0
1070,18.0,-159.0,190.0,0
1071,17.0,-165.0,189.0,0
1072,18.0,-166.0,188.0,0
1073,16.0,-163.0,186.0,0
1074,13.0,-167.0,185.0,0
1075,16.0,-172.0,188.0,0
1076,17.0,-171.0,181.0,0
1077,17.0,-168.0,184.0,0
1078,16.0,-171.0,182.0,0
1079,16.0,-166.0,186.0,0
1080,14.0,-169.0,187.0,0
1081,14.0,-168.0,182.0,0
1082,15.0,-168.0,181.0,0
1083,15.0,-171.0,186.0,0
1084,14.0,-170.0,187.0,0
1085,12.0,-167.0,186.0,0
1086,-1.0,-167.0,182.0,0
1087,12.0,-172.0,189.0,0
1088,11.0,-174.0,188.0,0
1089,12.0,-177.0,181.0,0
1090,12.0,-173.0,177.0,0
1091,11.0,-169.0,175.0,0
1092,16.0,-171.0,180.0,0
1093,14.0,-170.0,182.0,0
1094,12.0,-168.0,183.0,0
1095,7.0,-166.0,183.0,0
1096,10.0,-164.0,188.0,0
1097,11.0,-165.0,184.0,0
1098,12.0,-164.0,186.0,0
1099,15.0,-166.0,184.0,0
1100,14.0,-159.0,185.0,0
1101,16.0,-163.0,184.0,0
1102,15.0,-163.0,185.0,0
1103,18.0,-165.0,187.0,0
1104,18.0,-165.0,183.0,0
1105,16.0,-163.0,188.0,0
1106,14.0,-162.0,188.0,0
1107,21.0,-165.0,188.0,0
1108,20.0,-163.0,189.0,0
1109,19.0,-165.0,192.0,0
1110,17.0,-163.0,191.0,0
1111,13.0,-162.0,184.0,0
1112,12.0,-161.0,190.0,0
1113,14.0,-163.0,189.0,0
1114,10.0,-163.0,185.0,0
1115,13.0,-162.0,189.0,0
1116,13.0,-164.0,188.0,0
1117,13.0,-166.0,188.0,0
1118,12.0,-167.0,187.0,0
1119,14.0,-171.0,197.0,0
1120,13.0,-164.0,188.0,0
1121,8.0,-167.0,191.0,0
1122,10.0,-166.0,191.0,0
1123,8.0,-167.0,190.0,0
1124,10.0,-164.0,189.0,0
1125,8.0,-164.0,191.0,0
1126,8.0,-165.0,187.0,0
1127,9.0,-164.0,191.0,0
1128,9.0,-162.0,191.0,0
1129,13.0,-166.0,191.0,0
1130,19.0,-167.0,187.0,0
1131,17.0,-166.0,189.0,0
1132,17.0,-163.0,189.0,0
1133,18.0,-166.0,188.0,0
1134,16.0,-162.0,191.0,0
1135,17.0,-162.0,187.0,0
1136,19.0,-159.0,184.0,0
1137,20.0,-161.0,186.0,0
1138,22.0,-162.0,186.0,0
1139,23.0,-162.0,187.0,0
1140,20.0,-164.0,187.0,0
1141,25.0,-165.0,186.0,0
1142,22.0,-163.0,186.0,0
1143,22.0,-166.0,185.0,0
1144,23.0,-165.0,186.0,0
1145,22.0,-164.0,186.0,0
1146,20.0,-161.0,190.0,0
1147,22.0,-165.0,189.0,0
1148,18.0,-162.0,184.0,0
1149,22.0,-164.0,190.0,0
1150,18.0,-164.0,190.0,0
1151,21.0,-162.0,193.0,0
1152,19.0,-161.0,190.0,0
1153,16.0,-163.0,189.0,0
1154,15.0,-165.0,189.0,0
1155,14.0,-166.0,189.0,0
1156,14.0,-165.0,192.0,0
1157,8.0,-164.0,186.0,0
1158,12.0,-164.0,187.0,0
1159,13.0,-164.0,187.0,0
1160,12.0,-166.0,185.0,0
1161,11.0,-162.0,188.0,0
1162,14.0,-158.0,184.0,0
1163,10.0,-163.0,187.0,0
1164,13.0,-162.0,186.0,0
1165,12.0,-162.0,193.0,0
1166,15.0,-161.0,195.0,0
1167,12.0,-166.0,191.0,0
1168,12.0,-170.0,190.0,0
1169,11.0,-167.0,185.0,0
1170,14.0,-167.0,187.0,0
1171,8.0,-163.0,182.0,0
1172,14.0,-165.0,183.0,0
1173,12.0,-161.0,183.0,0
1174,15.0,-163.0,183.0,0
1175,17.0,-163.0,187.0,0
1176,19.0,-163.0,186.0,0
1177,16.0,-162.0,188.0,0
1178,18.0,-161.0,187.0,0
1179,20.0,-162.0,187.0,0
1180,24.0,-163.0,182.0,0
1181,21.0,-162.0,184.0,0
1182,24.0,-165.0,189.0,0
1183,23.0,-162.0,187.0,0
1184,24.0,-162.0,188.0,0
1185,24.0,-164.0,183.0,0
1186,20.0,-162.0,188.0,0
1187,23.0,-163.0,184.0,0
1188,13.0,-162.0,183.0,0
1189,22.0,-163.0,190.0,0
1190,22.0,-162.0,191.0,0
1191,21.0,-159.0,190.0,0
1192,25.0,-160.0,188.0,0
1193,25.0,-162.0,191.0,0
1194,22.0,-159.0,186.0,0
1195,26.0,-159.0,191.0,0
1196,18.0,-159.0,189.0,0
1197,20.0,-162.0,189.0,0
1198,22.0,-160.0,189.0,0
1199,17.0,-163.0,192.0,0
1200,15.0,-160.0,192.0,0
1201,16.0,-164.0,189.0,0
1202,16.0,-163.0,191.0,0
1203,16.0,-162.0,192.0,0
1204,14.0,-164.0,190.0,0
1205,16.0,-166.0,191.0,0
1206,15.0,-164.0,191.0,0
1207,16.0,-169.0,191.0,0
1208,15.0,-163.0,194.0,0
1209,18.0,-162.0,193.0,0
1210,15.0,-164.0,192.0,0
1211,14.0,-166.0,193.0,0
1212,15.0,-162.0,190.0,0
1213,13.0,-163.0,190.0,0
1214,10.0,-161.0,192.0,0
1215,12.0,-158.0,192.0,0
1216,10.0,-161.0,191.0,0
1217,11.0,-161.0,193.0,0
1218,10.0,-159.0,189.0,0
1219,11.0,-155.0,191.0,0
1220,13.0,-156.0,188.0,0
1221,11.0,-156.0,187.0,0
1222,14.0,-154.0,190.0,0
1223,15.0,-157.0,189.0,0
1224,16.0,-157.0,191.0,0
1225,18.0,-154.0,188.0,0
1226,18.0,-154.0,190.0,0
1227,19.0,-152.0,192.0,0
1228,16.0,-155.0,193.0,0
1229,21.0,-154.0,197.0,0
1230,23.0,-151.0,194.0,0
1231,22.0,-149.0,194.0,0
1232,22.0,-149.0,196.0,0
1233,22.0,-145.0,194.0,0
1234,21.0,-148.0,193.0,0
1235,15.0,-148.0,194.0,0
1236,16.0,-146.0,193.0,0
1237,20.0,-150.0,192.0,0
1238,15.0,-152.0,203.0,0
1239,14.0,-151.0,194.0,0
1240,7.0,-149.0,193.0,0
1241,12.0,-155.0,192.0,0
1242,9.0,-157.0,192.0,0
1243,7.0,-155.0,193.0,0
1244,9.0,-159.0,193.0,0
1245,13.0,-162.0,193.0,0
1246,14.0,-156.0,198.0,0
1247,19.0,-157.0,196.0,0
1248,14.0,-158.0,197.0,0
1249,15.0,-161.0,201.0,0
1250,11.0,-161.0,194.0,0
1251,13.0,-168.0,193.0,0
1252,14.0,-170.0,189.0,0
1253,15.0,-167.0,189.0,0
1254,17.0,-167.0,190.0,0
1255,17.0,-166.0,190.0,0
1256,21.0,-167.0,187.0,0
1257,21.0,-163.0,188.0,0
1258,23.0,-168.0,191.0,0
1259,22.0,-168.0,190.0,0
1260,21.0,-167.0,191.0,0
1261,21.0,-163.0,188.0,0
1262,25.0,-165.0,189.0,0
1263,19.0,-164.0,188.0,0
1264,20.0,-159.0,185.0,0
1265,17.0,-159.0,190.0,0
1266,15.0,-161.0,186.0,0
1267,15.0,-163.0,185.0,0
1268,15.0,-162.0,190.0,0
1269,14.0,-161.0,192.0,0
1270,14.0,-160.0,191.0,0
1271,13.0,-158.0,191.0,0
1272,14.0,-156.0,191.0,0
1273,15.0,-157.0,191.0,0
1274,14.0,-152.0,190.0,0
1275,11.0,-153.0,192.0,0
1276,15.0,-155.0,195.0,0
1277,16.0,-157.0,192.0,0
1278,14.0,-156.0,192.0,0
1279,15.0,-154.0,192.0,0
1280,16.0,-158.0,191.0,0
1281,19.0,-159.0,193.0,0
1282,22.0,-158.0,191.0,0
1283,21.0,-156.0,188.0,0
1284,22.0,-160.0,192.0,0
1285,24.0,-160.0,190.0,0
1286,26.0,-161.0,193.0,0
1287,23.0,-157.0,192.0,0
1288,25.0,-158.0,194.0,0
1289,23.0,-159.0,192.0,0
1290,21.0,-157.0,189.0,0
1291,25.0,-161.0,191.0,0
1292,22.0,-156.0,190.0,0
1293,23.0,-162.0,193.0,0
1294,22.0,-160.0,191.0,0
1295,22.0,-159.0,191.0,0
1296,25.0,-157.0,190.0,0
1297,23.0,-160.0,191.0,0
1298,20.0,-157.0,191.0,0
1299,23.0,-161.0,192.0,0
1300,20.0,-159.0,191.0,0
1301,17.0,-158.0,190.0,0
1302,18.0,-158.0,194.0,0
1303,16.0,-161.0,194.0,0
1304,16.0,-158.0,191.0,0
1305,18.0,-159.0,193.0,0
1306,15.0,-157.0,194.0,0
1307,12.0,-155.0,194.0,0
1308,16.0,-157.0,192.0,0
1309,17.0,-153.0,191.0,0
1310,17.0,-156.0,192.0,0
1311,17.0,-159.0,192.0,0
1312,15.0,-155.0,196.0,0
1313,19.0,-159.0,192.0,0
1314,19.0,-161.0,192.0,0
1315,18.0,-159.0,189.0,0
1316,20.0,-160.0,192.0,0
1317,19.0,-158.0,193.0,0
1318,18.0,-160.0,192.0,0
1319,18.0,-160.0,190.0,0
1320,21.0,-162.0,193.0,0
1321,21.0,-160.0,189.0,0
1322,19.0,-159.0,196.0,0
1323,17.0,-161.0,195.0,0
1324,20.0,-160.0,195.0,0
1325,18.0,-156.0,190.0,0
1326,19.0,-160.0,191.0,0
1327,19.0,-157.0,191.0,0
1328,18.0,-159.0,191.0,0
1329,19.0,-153.0,190.0,0
1330,20.0,-152.0,192.0,0
1331,21.0,-156.0,195.0,0
1332,20.0,-162.0,195.0,0
1333,16.0,-159.0,195.0,0
1334,17.0,-163.0,190.0,0
1335,18.0,-164.0,191.0,0
1336,20.0,-161.0,187.0,0
1337,17.0,-157.0,188.0,0
1338,23.0,-156.0,191.0,0
1339,16.0,-156.0,186.0,0
1340,17.0,-156.0,186.0,0
1341,19.0,-158.0,192.0,0
1342,18.0,-160.0,194.0,0
1343,17.0,-157.0,193.0,0
1344,19.0,-157.0,191.0,0
1345,17.0,-157.0,191.0,0
1346,20.0,-154.0,190.0,0
1347,22.0,-155.0,193.0,0
1348,18.0,-156.0,189.0,0
1349,17.0,-153.0,192.0,0
1350,18.0,-159.0,194.0,0
1351,19.0,-161.0,194.0,0
1352,17.0,-161.0,193.0,0
1353,16.0,-160.0,195.0,0
1354,21.0,-157.0,192.0,0
1355,18.0,-163.0,193.0,0
1356,14.0,-161.0,190.0,0
1357,20.0,-161.0,192.0,0
1358,17.0,-160.0,191.0,0
1359,23.0,-161.0,189.0,0
1360,16.0,-157.0,193.0,0
1361,19.0,-160.0,190.0,0
1362,17.0,-158.0,191.0,0
1363,19.0,-158.0,191.0,0
1364,20.0,-158.0,189.0,0
1365,17.0,-158.0,188.0,0
1366,16.0,-159.0,191.0,0
1367,20.0,-158.0,189.0,0
1368,19.0,-158.0,192.0,0
1369,18.0,-159.0,192.0,0
1370,18.0,-158.0,196.0,0
1371,19.0,-156.0,190.0,0
1372,22.0,-158.0,197.0,0
1373,20.0,-156.0,193.0,0
1374,17.0,-156.0,190.0,0
1375,20.0,-160.0,188.0,0
1376,18.0,-153.0,191.0,0
1377,19.0,-159.0,193.0,0
1378,17.0,-157.0,191.0,0
1379,17.0,-157.0,192.0,0
1380,18.0,-157.0,192.0,0
1381,18.0,-157.0,192.0,0
1382,17.0,-155.0,189.0,0
1383,18.0,-156.0,192.0,0
1384,17.0,-158.0,190.0,0
1385,20.0,-157.0,190.0,0
1386,16.0,-157.0,189.0,0
1387,21.0,-157.0,193.0,0
1388,15.0,-160.0,193.0,0
1389,18.0,-159.0,191.0,0
1390,15.0,-156.0,192.0,0
1391,18.0,-155.0,194.0,0
1392,16.0,-160.0,192.0,0
1393,19.0,-161.0,192.0,0
1394,20.0,-159.0,193.0,0
1395,20.0,-158.0,188.0,0
1396,17.0,-157.0,194.0,0
1397,19.0,-156.0,192.0,0
1398,18.0,-157.0,190.0,0
1399,16.0,-158.0,194.0,0
1400,21.0,-163.0,192.0,0
1401,18.0,-161.0,192.0,0
1402,18.0,-161.0,193.0,0
1403,18.0,-160.0,193.0,0
1404,19.0,-159.0,192.0,0
1405,14.0,-159.0,191.0,0
1406,17.0,-158.0,192.0,0
1407,14.0,-157.0,190.0,0
1408,20.0,-159.0,188.0,0
1409,17.0,-164.0,191.0,0
1410,20.0,-161.0,191.0,0
1411,20.0,-159.0,189.0,0
1412,19.0,-155.0,191.0,0
1413,19.0,-155.0,192.0,0
1414,17.0,-159.0,194.0,0
1415,17.0,-159.0,193.0,0
1416,17.0,-156.0,200.0,0
1417,18.0,-157.0,197.0,0
1418,16.0,-161.0,192.0,0
1419,16.0,-162.0,190.0,0
1420,15.0,-164.0,188.0,0
1421,17.0,-160.0,187.0,0
1422,15.0,-157.0,190.0,0
1423,17.0,-157.0,188.0,0
1424,10.0,-158.0,189.0,0
1425,16.0,-157.0,188.0,0
1426,19.0,-159.0,191.0,0
1427,17.0,-157.0,192.0,0
1428,18.0,-158.0,192.0,0
1429,16.0,-158.0,192.0,0
1430,20.0,-157.0,193.0,0
1431,15.0,-153.0,193.0,0
1432,17.0,-159.0,187.0,0
1433,16.0,-159.0,192.0,0
1434,19.0,-158.0,190.0,0
1435,18.0,-159.0,196.0,0
1436,19.0,-159.0,192.0,0
1437,15.0,-156.0,193.0,0
1438,21.0,-160.0,193.0,0
1439,17.0,-158.0,193.0,0
1440,19.0,-161.0,191.0,0
1441,20.0,-158.0,191.0,0
1442,16.0,-157.0,193.0,0
1443,18.0,-161.0,192.0,0
1444,16.0,-156.0,192.0,0
1445,22.0,-159.0,192.0,0
1446,18.0,-158.0,193.0,0
1447,16.0,-158.0,191.0,0
1448,17.0,-157.0,194.0,0
1449,19.0,-157.0,191.0,0
1450,20.0,-156.0,192.0,0
1451,19.0,-158.0,191.0,0
1452,17.0,-158.0,191.0,0
1453,20.0,-157.0,190.0,0
1454,20.0,-159.0,187.0,0
1455,22.0,-160.0,194.0,0
1456,19.0,-159.0,192.0,0
1457,20.0,-158.0,191.0,0
1458,18.0,-159.0,192.0,0
1459,19.0,-160.0,190.0,0
1460,20.0,-156.0,192.0,0
1461,19.0,-158.0,192.0,0
1462,17.0,-156.0,189.0,0
1463,19.0,-159.0,187.0,0
1464,19.0,-157.0,190.0,0
1465,18.0,-160.0,192.0,0
1466,17.0,-158.0,191.0,0
1467,15.0,-158.0,193.0,0
1468,18.0,-158.0,192.0,0
1469,21.0,-161.0,191.0,0
1470,17.0,-158.0,191.0,0
1471,20.0,-160.0,193.0,0
1472,21.0,-156.0,190.0,0
1473,17.0,-159.0,195.0,0
1474,16.0,-159.0,192.0,0
1475,18.0,-161.0,193.0,0
1476,21.0,-161.0,193.0,0
1477,19.0,-159.0,192.0,0
1478,19.0,-161.0,190.0,0
1479,18.0,-161.0,191.0,0
1480,18.0,-158.0,190.0,0
1481,21.0,-161.0,191.0,0
1482,18.0,-159.0,191.0,0
1483,20.0,-159.0,190.0,0
1484,19.0,-160.0,187.0,0
1485,19.0,-156.0,190.0,0
1486,21.0,-157.0,192.0,0
1487,21.0,-160.0,191.0,0
1488,19.0,-159.0,193.0,0
1489,17.0,-157.0,193.0,0
1490,17.0,-157.0,190.0,0
1491,22.0,-160.0,194.0,0
1492,20.0,-159.0,189.0,0
1493,17.0,-161.0,192.0,0
1494,18.0,-157.0,189.0,0
1495,21.0,-161.0,191.0,0
1496,18.0,-157.0,190.0,0
1497,21.0,-158.0,193.0,0
1498,20.0,-158.0,191.0,0
1499,19.0,-155.0,194.0,0
1500,12.0,-160.0,197.0,0
1501,21.0,-157.0,192.0,0
1502,22.0,-159.0,195.0,0
1503,19.0,-160.0,193.0,0
1504,19.0,-160.0,192.0,0
1505,21.0,-160.0,191.0,0
1506,18.0,-159.0,186.0,0
1507,19.0,-161.0,189.0,0
1508,19.0,-160.0,186.0,0
1509,18.0,-158.0,191.0,0
1510,19.0,-161.0,189.0,0
1511,18.0,-160.0,190.0,0
1512,15.0,-160.0,190.0,0
1513,19.0,-160.0,190.0,0
1514,16.0,-158.0,190.0,0
1515,19.0,-158.0,193.0,0
1516,20.0,-160.0,193.0,0
1517,17.0,-158.0,189.0,0
1518,16.0,-161.0,189.0,0
1519,19.0,-159.0,191.0,0
1520,19.0,-160.0,193.0,0
1521,16.0,-161.0,189.0,0
1522,18.0,-160.0,191.0,0
1523,19.0,-162.0,191.0,0
1524,19.0,-162.0,191.0,0
1525,17.0,-159.0,192.0,0
1526,21.0,-160.0,191.0,0
1527,21.0,-160.0,190.0,0
1528,21.0,-160.0,191.0,0
1529,19.0,-157.0,191.0,0
1530,20.0,-159.0,190.0,0
1531,18.0,-156.0,190.0,0
1532,18.0,-158.0,192.0,0
1533,20.0,-157.0,190.0,0
1534,19.0,-159.0,191.0,0
1535,16.0,-156.0,190.0,0
1536,18.0,-157.0,192.0,0
1537,20.0,-160.0,193.0,0
1538,20.0,-160.0,193.0,0
1539,19.0,-158.0,193.0,0
1540,17.0,-159.0,189.0,0
1541,20.0,-161.0,193.0,0
1542,16.0,-158.0,194.0,0
1543,15.0,-159.0,191.0,0
1544,17.0,-160.0,189.0,0
1545,16.0,-159.0,194.0,0
1546,18.0,-158.0,189.0,0
1547,16.0,-155.0,191.0,0
1548,23.0,-160.0,190.0,0
1549,18.0,-159.0,190.0,0
1550,17.0,-158.0,191.0,0
1551,19.0,-160.0,190.0,0
1552,19.0,-159.0,192.0,0
1553,18.0,-158.0,194.0,0
1554,20.0,-158.0,188.0,0
1555,18.0,-160.0,190.0,0
1556,18.0,-158.0,193.0,0
1557,20.0,-160.0,189.0,0
1558,24.0,-162.0,193.0,0
1559,18.0,-158.0,192.0,0
1560,17.0,-159.0,193.0,0
1561,18.0,-159.0,189.0,0
1562,17.0,-157.0,190.0,0
1563,19.0,-157.0,191.0,0
1564,17.0,-160.0,192.0,0
1565,20.0,-160.0,191.0,0
1566,18.0,-160.0,190.0,0
1567,22.0,-161.0,188.0,0
1568,24.0,-160.0,191.0,0
1569,19.0,-160.0,190.0,0
1570,17.0,-159.0,191.0,0
1571,18.0,-159.0,196.0,0
1572,22.0,-159.0,192.0,0
1573,17.0,-161.0,190.0,0
1574,17.0,-159.0,192.0,0
1575,20.0,-158.0,193.0,0
1576,19.0,-156.0,185.0,0
1577,19.0,-162.0,190.0,0
1578,17.0,-158.0,190.0,0
1579,17.0,-155.0,191.0,0
1580,20.0,-158.0,193.0,0
1581,17.0,-160.0,191.0,0
1582,21.0,-160.0,191.0,0
1583,14.0,-157.0,193.0,0
1584,20.0,-162.0,190.0,0
1585,17.0,-159.0,191.0,0
1586,20.0,-159.0,190.0,0
1587,19.0,-158.0,191.0,0
1588,22.0,-154.0,191.0,0
1589,16.0,-155.0,193.0,0
1590,20.0,-160.0,194.0,0
1591,20.0,-160.0,194.0,0
1592,19.0,-164.0,191.0,0
1593,17.0,-164.0,190.0,0
1594,16.0,-161.0,188.0,0
1595,17.0,-159.0,187.0,0
1596,18.0,-160.0,189.0,0
1597,19.0,-160.0,189.0,0
1598,16.0,-162.0,190.0,0
1599,18.0,-161.0,190.0,0
1600,16.0,-160.0,188.0,0
1601,18.0,-162.0,190.0,0
1602,16.0,-158.0,193.0,0
1603,19.0,-157.0,192.0,0
1604,15.0,-160.0,189.0,0
1605,17.0,-159.0,189.0,0
1606,16.0,-157.0,192.0,0
1607,13.0,-157.0,192.0,0
1608,22.0,-161.0,192.0,0
1609,23.0,-150.0,192.0,0
1610,15.0,-158.0,190.0,0
1611,20.0,-159.0,192.0,0
1612,19.0,-161.0,193.0,0
1613,18.0,-156.0,190.0,0
1614,21.0,-164.0,190.0,0
1615,20.0,-161.0,192.0,0
1616,22.0,-159.0,190.0,0
1617,23.0,-165.0,191.0,0
1618,19.0,-161.0,190.0,0
1619,19.0,-161.0,190.0,0
1620,18.0,-163.0,190.0,0
1621,19.0,-162.0,192.0,0
1622,18.0,-163.0,191.0,0
1623,19.0,-162.0,190.0,0
1624,19.0,-162.0,192.0,0
1625,18.0,-161.0,191.0,0
1626,18.0,-161.0,192.0,0
1627,19.0,-160.0,191.0,0
1628,20.0,-163.0,194.0,0
1629,18.0,-160.0,189.0,0
1630,19.0,-159.0,192.0,0
1631,20.0,-158.0,191.0,0
1632,17.0,-161.0,192.0,0
1633,17.0,-162.0,189.0,0
1634,17.0,-158.0,189.0,0
1635,18.0,-159.0,192.0,0
1636,17.0,-158.0,192.0,0
1637,17.0,-162.0,188.0,0
1638,15.0,-159.0,190.0,0
1639,16.0,-158.0,192.0,0
1640,17.0,-159.0,192.0,0
1641,17.0,-158.0,191.0,0
1642,18.0,-155.0,191.0,0
1643,18.0,-160.0,192.0,0
1644,19.0,-160.0,193.0,0
1645,19.0,-160.0,188.0,0
1646,21.0,-160.0,189.0,0
1647,20.0,-160.0,191.0,0
1648,20.0,-160.0,191.0,0
1649,22.0,-161.0,191.0,0
1650,22.0,-161.0,192.0,0
1651,17.0,-161.0,186.0,0
1652,17.0,-171.0,185.0,0
1653,16.0,-155.0,188.0,0
1654,21.0,-160.0,192.0,0
1655,22.0,-159.0,192.0,0
1656,19.0,-157.0,190.0,0
1657,21.0,-161.0,188.0,0
1658,19.0,-161.0,191.0,0
1659,18.0,-160.0,188.0,0
1660,16.0,-163.0,190.0,0
1661,18.0,-158.0,188.0,0
1662,19.0,-160.0,190.0,0
1663,17.0,-161.0,188.0,0
1664,16.0,-160.0,190.0,0
1665,18.0,-161.0,187.0,0
1666,21.0,-162.0,191.0,0
1667,21.0,-162.0,190.0,0
1668,16.0,-161.0,188.0,0
1669,19.0,-162.0,190.0,0
1670,18.0,-162.0,190.0,0
1671,17.0,-158.0,190.0,0
1672,20.0,-161.0,190.0,0
1673,20.0,-159.0,189.0,0
1674,19.0,-161.0,191.0,0
1675,19.0,-160.0,191.0,0
1676,20.0,-163.0,191.0,0
1677,19.0,-161.0,190.0,0
1678,21.0,-161.0,192.0,0
1679,18.0,-159.0,192.0,0
1680,21.0,-160.0,192.0,0
1681,19.0,-159.0,191.0,0
1682,18.0,-162.0,191.0,0
1683,22.0,-164.0,195.0,0
1684,19.0,-166.0,190.0,0
1685,14.0,-166.0,189.0,0
1686,18.0,-169.0,188.0,0
1687,18.0,-166.0,187.0,0
1688,20.0,-166.0,184.0,0
1689,19.0,-165.0,184.0,0
1690,19.0,-161.0,183.0,0
1691,18.0,-162.0,182.0,0
1692,17.0,-161.0,186.0,0
1693,19.0,-161.0,192.0,0
1694,21.0,-159.0,188.0,0
1695,14.0,-161.0,184.0,0
1696,15.0,-158.0,189.0,0
1697,19.0,-158.0,190.0,0
1698,16.0,-160.0,193.0,0
1699,19.0,-161.0,191.0,0
1700,19.0,-161.0,189.0,0
1701,16.0,-160.0,191.0,0
1702,17.0,-162.0,193.0,0
1703,24.0,-162.0,193.0,0
1704,19.0,-163.0,187.0,0
1705,21.0,-160.0,190.0,0
1706,19.0,-160.0,191.0,0
1707,22.0,-158.0,190.0,0
1708,19.0,-161.0,191.0,0
1709,22.0,-160.0,192.0,0
1710,20.0,-160.0,189.0,0
1711,23.0,-161.0,191.0,0
1712,21.0,-161.0,189.0,0
1713,21.0,-166.0,192.0,0
1714,21.0,-162.0,187.0,0
1715,20.0,-164.0,190.0,0
1716,23.0,-162.0,187.0,0
1717,17.0,-161.0,188.0,0
1718,18.0,-159.0,200.0,0
1719,20.0,-163.0,190.0,0
1720,18.0,-163.0,190.0,0
1721,16.0,-162.0,187.0,0
1722,16.0,-161.0,189.0,0
1723,18.0,-163.0,191.0,0
1724,17.0,-163.0,189.0,0
1725,18.0,-164.0,188.0,0
1726,17.0,-163.0,190.0,0
1727,20.0,-166.0,189.0,0
1728,17.0,-164.0,189.0,0
1729,18.0,-161.0,187.0,0
1730,17.0,-162.0,187.0,0
1731,21.0,-160.0,190.0,0
1732,19.0,-162.0,191.0,0
1733,21.0,-160.0,190.0,0
1734,23.0,-159.0,190.0,0
1735,22.0,-159.0,186.0,0
1736,18.0,-158.0,189.0,0
1737,22.0,-160.0,189.0,0
1738,23.0,-161.0,187.0,0
1739,21.0,-160.0,188.0,0
1740,23.0,-162.0,189.0,0
1741,20.0,-163.0,190.0,0
1742,18.0,-164.0,188.0,0
1743,21.0,-159.0,188.0,0
1744,18.0,-163.0,189.0,0
1745,18.0,-164.0,186.0,0
1746,21.0,-166.0,182.0,0
1747,19.0,-166.0,188.0,0
1748,20.0,-168.0,188.0,0
1749,17.0,-165.0,186.0,0
1750,20.0,-165.0,190.0,0
1751,16.0,-164.0,191.0,0
1752,14.0,-164.0,191.0,0
1753,16.0,-165.0,192.0,0
1754,18.0,-166.0,192.0,0
1755,12.0,-165.0,193.0,0
1756,14.0,-165.0,191.0,0
1757,16.0,-168.0,194.0,0
1758,17.0,-168.0,191.0,0
1759,16.0,-168.0,190.0,0
1760,17.0,-169.0,188.0,0
1761,18.0,-162.0,189.0,0
1762,16.0,-164.0,187.0,0
1763,16.0,-164.0,186.0,0
1764,16.0,-161.0,188.0,0
1765,16.0,-160.0,191.0,0
1766,20.0,-158.0,195.0,0
1767,14.0,-160.0,189.0,0
1768,21.0,-161.0,191.0,0
1769,17.0,-162.0,189.0,0
1770,17.0,-160.0,188.0,0
1771,18.0,-157.0,186.0,0
1772,20.0,-162.0,186.0,0
1773,17.0,-156.0,186.0,0
1774,20.0,-157.0,190.0,0
1775,21.0,-154.0,190.0,0
1776,21.0,-153.0,192.0,0
1777,23.0,-155.0,191.0,0
1778,23.0,-153.0,191.0,0
1779,22.0,-158.0,192.0,0
1780,20.0,-163.0,191.0,0
1781,22.0,-167.0,189.0,0
1782,20.0,-167.0,190.0,0
1783,19.0,-166.0,190.0,0
1784,20.0,-163.0,185.0,0
1785,21.0,-159.0,182.0,0
1786,17.0,-157.0,181.0,0
1787,15.0,-160.0,185.0,0
1788,17.0,-161.0,190.0,0
1789,18.0,-159.0,190.0,0
1790,17.0,-161.0,190.0,0
1791,25.0,-148.0,190.0,0
1792,15.0,-155.0,195.0,0
1793,16.0,-155.0,192.0,0
1794,17.0,-161.0,182.0,0
1795,19.0,-154.0,191.0,0
1796,17.0,-152.0,192.0,0
1797,15.0,-151.0,193.0,0
1798,20.0,-150.0,195.0,0
1799,20.0,-150.0,197.0,0
1800,15.0,-151.0,197.0,0
1801,14.0,-154.0,201.0,0
1802,15.0,-150.0,196.0,0
1803,15.0,-150.0,195.0,0
1804,16.0,-148.0,199.0,0
1805,15.0,-146.0,197.0,0
1806,15.0,-144.0,197.0,0
1807,13.0,-148.0,199.0,0
1808,17.0,-153.0,199.0,0
1809,19.0,-146.0,200.0,0
1810,17.0,-147.0,198.0,0
1811,15.0,-143.0,196.0,0
1812,18.0,-147.0,199.0,0
1813,17.0,-147.0,199.0,0
1814,19.0,-146.0,196.0,0
1815,19.0,-145.0,190.0,0
1816,19.0,-145.0,194.0,0
1817,22.0,-147.0,192.0,0
1818,21.0,-148.0,196.0,0
1819,21.0,-145.0,194.0,0
1820,16.0,-149.0,192.0,0
1821,18.0,-153.0,194.0,0
1822,16.0,-155.0,194.0,0
1823,18.0,-154.0,195.0,0
1824,17.0,-154.0,194.0,0
1825,13.0,-153.0,196.0,0
1826,16.0,-156.0,193.0,0
1827,17.0,-150.0,200.0,0
1828,15.0,-153.0,199.0,0
1829,16.0,-150.0,197.0,0
1830,22.0,-146.0,197.0,0
1831,21.0,-140.0,200.0,0
1832,20.0,-136.0,202.0,0
1833,16.0,-132.0,202.0,0
1834,21.0,-129.0,210.0,0
1835,21.0,-124.0,210.0,0
1836,25.0,-118.0,213.0,0
1837,32.0,-119.0,214.0,0
1838,32.0,-119.0,220.0,0
1839,32.0,-118.0,222.0,0
1840,34.0,-126.0,222.0,0
1841,29.0,-132.0,222.0,0
1842,31.0,-150.0,215.0,0
1843,33.0,-160.0,212.0,0
1844,29.0,-172.0,211.0,0
1845,18.0,-188.0,213.0,0
1846,9.0,-206.0,221.0,0
1847,5.0,-219.0,218.0,0
1848,2.0,-234.0,210.0,0
1849,0.0,-235.0,206.0,0
1850,3.0,-232.0,193.0,0
1851,18.0,-228.0,199.0,0
1852,25.0,-228.0,201.0,0
1853,43.0,-241.0,208.0,0
1854,60.0,-247.0,215.0,0
1855,53.0,-240.0,230.0,0
1856,39.0,-229.0,247.0,0
1857,36.0,-221.0,266.0,0
1858,37.0,-225.0,272.0,0
1859,-23.0,-229.0,288.0,0
1860,-48.0,-223.0,295.0,0
1861,-46.0,-234.0,291.0,0
1862,-29.0,-242.0,294.0,0
1863,-7.0,-240.0,286.0,0
1864,1.0,-255.0,269.0,0
1865,9.0,-268.0,268.0,0
1866,17.0,-279.0,254.0,0
1867,22.0,-286.0,253.0,0
1868,21.0,-291.0,245.0,0
1869,14.0,-290.0,228.0,0
1870,14.0,-296.0,219.0,0
1871,7.0,-297.0,225.0,0
1872,8.0,-307.0,224.0,0
1873,4.0,-313.0,227.0,0
1874,1.0,-310.0,221.0,0
1875,0.0,-313.0,219.0,0
1876,-4.0,-313.0,218.0,0
1877,-2.0,-318.0,214.0,0
1878,0.0,-323.0,210.0,0
1879,-2.0,-324.0,204.0,0
1880,1.0,-324.0,197.0,0
1881,0.0,-322.0,195.0,0
1882,4.0,-325.0,188.0,0
1883,7.0,-322.0,190.0,0
1884,12.0,-326.0,186.0,0
1885,12.0,-326.0,186.0,0
1886,13.0,-326.0,186.0,0
1887,13.0,-328.0,186.0,0
1888,9.0,-331.0,186.0,0
1889,5.0,-327.0,181.0,0
1890,6.0,-325.0,177.0,0
1891,4.0,-323.0,175.0,0
1892,5.0,-321.0,169.0,0
1893,5.0,-317.0,171.0,0
1894,9.0,-313.0,170.0,0
1895,9.0,-313.0,161.0,0
1896,14.0,-306.0,161.0,0
1897,11.0,-302.0,157.0,0
1898,8.0,-293.0,146.0,0
1899,8.0,-293.0,143.0,0
1900,5.0,-289.0,136.0,0
1901,3.0,-288.0,132.0,0
1902,2.0,-283.0,127.0,0
1903,2.0,-274.0,123.0,0
1904,2.0,-265.0,126.0,0
1905,7.0,-264.0,121.0,0
1906,10.0,-258.0,115.0,0
1907,11.0,-254.0,119.0,0
1908,12.0,-251.0,113.0,0
1909,21.0,-249.0,102.0,0
1910,25.0,-243.0,99.0,0
1911,17.0,-234.0,85.0,0
1912,19.0,-229.0,86.0,0
1913,15.0,-231.0,85.0,0
1914,12.0,-225.0,80.0,0
1915,10.0,-222.0,72.0,0
1916,7.0,-218.0,70.0,0
1917,5.0,-219.0,69.0,0
1918,11.0,-217.0,68.0,0
1919,14.0,-221.0,67.0,0
1920,20.0,-233.0,66.0,0
1921,17.0,-233.0,58.0,0
1922,19.0,-232.0,54.0,0
1923,14.0,-226.0,32.0,0
1924,15.0,-233.0,50.0,0
1925,18.0,-233.0,52.0,0
1926,21.0,-229.0,57.0,0
1927,13.0,-225.0,58.0,0
1928,8.0,-225.0,58.0,0
1929,7.0,-229.0,55.0,0
1930,0.0,-224.0,53.0,0
1931,-4.0,-216.0,49.0,0
1932,-8.0,-218.0,49.0,0
1933,-9.0,-210.0,48.0,0
1934,-10.0,-206.0,41.0,0
1935,-13.0,-200.0,39.0,0
1936,-13.0,-197.0,36.0,0
1937,-19.0,-197.0,32.0,0
1938,-17.0,-194.0,35.0,0
1939,-12.0,-189.0,20.0,0
1940,-15.0,-187.0,22.0,0
1941,-15.0,-182.0,18.0,0
1942,-11.0,-180.0,16.0,0
1943,-10.0,-177.0,16.0,0
1944,-9.0,-172.0,16.0,0
1945,-2.0,-170.0,17.0,0
1946,0.0,-168.0,18.0,0
1947,3.0,-161.0,17.0,0
1948,3.0,-157.0,15.0,0
1949,4.0,-152.0,16.0,0
1950,8.0,-150.0,15.0,0
1951,3.0,-148.0,18.0,0
1952,8.0,-147.0,12.0,0
1953,8.0,-146.0,15.0,0
1954,3.0,-146.0,9.0,0
1955,6.0,-150.0,10.0,0
1956,3.0,-150.0,6.0,0
1957,1.0,-153.0,12.0,0
1958,-3.0,-152.0,7.0,0
1959,-4.0,-151.0,2.0,0
1960,-10.0,-150.0,1.0,0
1961,-3.0,-154.0,2.0,0
1962,-6.0,-157.0,10.0,0
1963,-11.0,-161.0,3.0,0
1964,-7.0,-161.0,1.0,0
1965,-4.0,-159.0,1.0,0
1966,-2.0,-155.0,2.0,0
1967,-3.0,-166.0,2.0,0
1968,2.0,-166.0,-2.0,0
1969,0.0,-168.0,0.0,0
1970,2.0,-168.0,3.0,0
1971,4.0,-167.0,0.0,0
1972,2.0,-165.0,-7.0,0
1973,4.0,-168.0,0.0,0
1974,3.0,-160.0,-5.0,0
1975,1.0,-159.0,-12.0,0
1976,0.0,-160.0,-8.0,0
1977,0.0,-156.0,-12.0,0
1978,0.0,-160.0,-15.0,0
1979,-2.0,-162.0,-18.0,0
1980,-7.0,-167.0,-18.0,0
1981,-8.0,-171.0,-19.0,0
1982,-7.0,-178.0,-22.0,0
1983,-6.0,-187.0,-21.0,0
1984,-10.0,-193.0,-14.0,0
1985,-11.0,-197.0,-9.0,0
1986,-13.0,-202.0,-3.0,0
1987,-10.0,-206.0,-9.0,0
1988,-14.0,-202.0,-7.0,0
1989,-15.0,-207.0,-9.0,0
1990,-14.0,-206.0,-15.0,0
1991,-10.0,-202.0,-15.0,0
1992,-10.0,-204.0,-14.0,0
1993,-5.0,-205.0,-22.0,0
1994,-4.0,-207.0,-21.0,0
1995,-6.0,-210.0,-19.0,0
1996,-5.0,-207.0,-19.0,0
1997,1.0,-210.0,-27.0,0
1998,3.0,-208.0,-25.0,0
1999,-4.0,-216.0,-20.0,0
2000,-1.0,-212.0,-27.0,0
2001,-1.0,-209.0,-27.0,0
2002,-7.0,-208.0,-29.0,0
2003,-6.0,-207.0,-27.0,0
2004,-11.0,-203.0,-27.0,0
2005,-8.0,-202.0,-32.0,0
2006,-12.0,-196.0,-27.0,0
2007,-15.0,-199.0,-27.0,0
2008,-19.0,-193.0,-32.0,0
2009,-18.0,-195.0,-37.0,0
2010,-16.0,-197.0,-36.0,0
2011,-18.0,-199.0,-37.0,0
2012,-13.0,-203.0,-32.0,0
2013,-18.0,-207.0,-28.0,0
2014,-18.0,-207.0,-26.0,0
2015,-14.0,-209.0,-20.0,0
2016,-7.0,-213.0,-22.0,0
2017,-4.0,-210.0,-21.0,0
2018,-3.0,-214.0,-19.0,0
2019,-3.0,-217.0,-22.0,0
2020,2.0,-226.0,-29.0,0
2021,0.0,-230.0,-28.0,0
2022,-2.0,-235.0,-31.0,0
2023,-9.0,-240.0,-30.0,0
2024,-12.0,-251.0,-32.0,0
2025,-12.0,-257.0,-26.0,0
2026,-17.0,-261.0,-19.0,0
2027,-18.0,-260.0,-16.0,0
2028,-24.0,-260.0,-12.0,0
2029,-19.0,-261.0,-11.0,0
2030,-23.0,-257.0,-10.0,0
2031,-25.0,-260.0,-12.0,0
2032,-24.0,-256.0,-9.0,0
2033,-24.0,-248.0,-5.0,0
2034,-30.0,-241.0,-10.0,0
2035,-26.0,-238.0,-9.0,0
2036,-23.0,-232.0,-15.0,0
2037,-19.0,-242.0,-15.0,0
2038,-19.0,-249.0,-16.0,0
2039,-22.0,-260.0,-14.0,0
2040,-24.0,-275.0,-3.0,0
2041,-23.0,-285.0,0.0,0
2042,-22.0,-299.0,6.0,0
2043,-26.0,-299.0,0.0,0
2044,-31.0,-297.0,5.0,0
2045,-32.0,-290.0,1.0,0
2046,-32.0,-279.0,2.0,0
2047,-33.0,-272.0,3.0,0
2048,-36.0,-267.0,2.0,0
2049,-31.0,-261.0,1.0,0
2050,-32.0,-255.0,-1.0,0
2051,-26.0,-253.0,-1.0,0
2052,-23.0,-253.0,0.0,0
2053,-20.0,-255.0,1.0,0
2054,-18.0,-248.0,-1.0,0
2055,-16.0,-254.0,-1.0,0
2056,-16.0,-251.0,0.0,0
2057,-10.0,-252.0,-2.0,0
2058,-5.0,-252.0,-5.0,0
2059,1.0,-253.0,0.0,0
2060,-1.0,-251.0,0.0,0
2061,2.0,-251.0,2.0,0
2062,0.0,-253.0,-1.0,0
2063,0.0,-252.0,1.0,0
2064,-3.0,-247.0,0.0,0
2065,-8.0,-247.0,0.0,0
2066,-12.0,-243.0,6.0,0
2067,-10.0,-246.0,1.0,0
2068,-8.0,-254.0,2.0,0
2069,-5.0,-261.0,0.0,0
2070,-6.0,-266.0,4.0,0
2071,-1.0,-273.0,6.0,0
2072,-3.0,-273.0,5.0,0
2073,-5.0,-268.0,6.0,0
2074,-3.0,-261.0,4.0,0
2075,-7.0,-254.0,3.0,0
2076,-5.0,-251.0,2.0,0
2077,-4.0,-250.0,2.0,0
2078,-6.0,-245.0,5.0,0
2079,-1.0,-246.0,4.0,0
2080,0.0,-250.0,4.0,0
2081,-3.0,-249.0,3.0,0
2082,-8.0,-249.0,1.0,0
2083,-5.0,-251.0,2.0,0
2084,-5.0,-253.0,2.0,0
2085,-11.0,-263.0,11.0,0
2086,-11.0,-254.0,6.0,0
2087,-12.0,-250.0,4.0,0
2088,-15.0,-252.0,9.0,0
2089,-16.0,-249.0,12.0,0
2090,-18.0,-253.0,6.0,0
2091,-17.0,-259.0,8.0,0
2092,-19.0,-261.0,9.0,0
2093,-15.0,-263.0,10.0,0
2094,-13.0,-260.0,11.0,0
2095,-15.0,-261.0,14.0,0
2096,-16.0,-249.0,11.0,0
2097,-14.0,-247.0,9.0,0
2098,-14.0,-241.0,4.0,0
2099,-14.0,-246.0,10.0,0
2100,-16.0,-246.0,5.0,0
2101,-13.0,-246.0,6.0,0
2102,-11.0,-250.0,8.0,0
2103,-10.0,-249.0,10.0,0
2104,-11.0,-251.0,12.0,0
2105,-10.0,-250.0,7.0,0
2106,-7.0,-254.0,10.0,0
2107,-10.0,-253.0,10.0,0
2108,-9.0,-253.0,8.0,0
2109,-9.0,-254.0,11.0,0
2110,-11.0,-252.0,10.0,0
2111,-8.0,-252.0,15.0,0
2112,-10.0,-257.0,13.0,0
2113,-12.0,-256.0,15.0,0
2114,-14.0,-258.0,18.0,0
2115,-13.0,-256.0,21.0,0
2116,-13.0,-257.0,19.0,0
2117,-8.0,-261.0,15.0,0
2118,-7.0,-259.0,13.0,0
2119,-8.0,-257.0,10.0,0
2120,-7.0,-258.0,12.0,0
2121,-8.0,-251.0,9.0,0
2122,-3.0,-246.0,7.0,0
2123,-1.0,-245.0,7.0,0
2124,1.0,-245.0,7.0,0
2125,-4.0,-247.0,5.0,0
2126,-9.0,-247.0,6.0,0
2127,-4.0,-238.0,3.0,0
2128,-5.0,-253.0,9.0,0
2129,-5.0,-251.0,7.0,0
2130,-9.0,-252.0,2.0,0
2131,-5.0,-246.0,10.0,0
2132,-6.0,-249.0,9.0,0
2133,-6.0,-251.0,11.0,0
2134,-4.0,-248.0,13.0,0
2135,-7.0,-251.0,14.0,0
2136,-3.0,-249.0,14.0,0
2137,-4.0,-250.0,12.0,0
2138,-2.0,-247.0,14.0,0
2139,-7.0,-249.0,17.0,0
2140,-5.0,-249.0,15.0,0
2141,-11.0,-247.0,14.0,0
2142,-9.0,-247.0,15.0,0
2143,-13.0,-246.0,10.0,0
2144,-10.0,-241.0,11.0,0
2145,-11.0,-245.0,11.0,0
2146,-13.0,-245.0,8.0,0
2147,-13.0,-243.0,13.0,0
2148,-10.0,-244.0,11.0,0
2149,-8.0,-247.0,8.0,0
2150,-9.0,-248.0,12.0,0
2151,-11.0,-243.0,8.0,0
2152,-10.0,-244.0,9.0,0
2153,-13.0,-247.0,7.0,0
2154,-9.0,-247.0,5.0,0
2155,-9.0,-250.0,7.0,0
2156,-7.0,-255.0,6.0,0
2157,-10.0,-257.0,8.0,0
2158,-14.0,-258.0,8.0,0
2159,-14.0,-258.0,7.0,0
2160,-15.0,-255.0,3.0,0
2161,-11.0,-258.0,6.0,0
2162,-9.0,-258.0,6.0,0
2163,-14.0,-256.0,8.0,0
2164,-15.0,-255.0,12.0,0
2165,-12.0,-254.0,10.0,0
2166,-16.0,-253.0,5.0,0
2167,-16.0,-249.0,8.0,0
2168,-19.0,-252.0,4.0,0
2169,-16.0,-254.0,4.0,0
2170,-18.0,-257.0,11.0,0
2171,-19.0,-255.0,7.0,0
2172,-21.0,-251.0,7.0,0
2173,-18.0,-255.0,7.0,0
2174,-19.0,-258.0,5.0,0
2175,-20.0,-258.0,4.0,0
2176,-21.0,-260.0,2.0,0
2177,-22.0,-261.0,1.0,0
2178,-22.0,-260.0,2.0,0
2179,-20.0,-261.0,7.0,0
2180,-16.0,-258.0,7.0,0
2181,-16.0,-258.0,6.0,0
2182,-19.0,-251.0,4.0,0
2183,-17.0,-252.0,2.0,0
2184,-15.0,-253.0,4.0,0
2185,-20.0,-248.0,7.0,0
2186,-17.0,-248.0,5.0,0
2187,-15.0,-247.0,4.0,0
2188,-15.0,-249.0,4.0,0
2189,-11.0,-252.0,6.0,0
2190,-9.0,-252.0,4.0,0
2191,-16.0,-251.0,4.0,0
2192,-7.0,-252.0,9.0,0
2193,-11.0,-247.0,3.0,0
2194,-10.0,-247.0,4.0,0
2195,-10.0,-252.0,8.0,0
2196,-10.0,-244.0,6.0,0
2197,-8.0,-243.0,6.0,0
2198,-10.0,-242.0,2.0,0
2199,-6.0,-248.0,3.0,0
2200,-8.0,-246.0,3.0,0
2201,-10.0,-246.0,1.0,0
2202,-6.0,-250.0,2.0,0
2203,-7.0,-255.0,2.0,0
2204,-2.0,-254.0,4.0,0
2205,-8.0,-254.0,4.0,0
2206,-6.0,-258.0,6.0,0
2207,-6.0,-255.0,4.0,0
2208,-9.0,-255.0,5.0,0
2209,-6.0,-250.0,1.0,0
2210,-5.0,-252.0,5.0,0
2211,-10.0,-252.0,6.0,0
2212,-10.0,-253.0,4.0,0
2213,-8.0,-249.0,3.0,0
2214,-9.0,-255.0,3.0,0
2215,-7.0,-254.0,2.0,0
2216,-9.0,-254.0,4.0,0
2217,-8.0,-254.0,2.0,0
2218,-6.0,-254.0,4.0,0
2219,-8.0,-255.0,3.0,0
2220,-5.0,-255.0,1.0,0
2221,-9.0,-254.0,2.0,0
2222,-6.0,-256.0,3.0,0
2223,-10.0,-254.0,6.0,0
2224,-11.0,-251.0,4.0,0
2225,-10.0,-252.0,3.0,0
2226,-7.0,-249.0,2.0,0
2227,-8.0,-248.0,5.0,0
2228,-11.0,-248.0,2.0,0
2229,-11.0,-247.0,2.0,0
2230,-4.0,-253.0,5.0,0
2231,-7.0,-251.0,3.0,0
2232,-9.0,-248.0,0.0,0
2233,-12.0,-247.0,2.0,0
2234,-9.0,-250.0,2.0,0
2235,-13.0,-248.0,2.0,0
2236,-10.0,-251.0,1.0,0
2237,-13.0,-254.0,1.0,0
2238,-12.0,-253.0,1.0,0
2239,-10.0,-252.0,2.0,0
2240,-10.0,-254.0,2.0,0
2241,-8.0,-253.0,1.0,0
2242,-11.0,-254.0,2.0,0
2243,-8.0,-254.0,1.0,0
2244,-8.0,-252.0,0.0,0
2245,-7.0,-251.0,0.0,0
2246,-8.0,-254.0,2.0,0
2247,-8.0,-253.0,3.0,0
2248,-11.0,-253.0,5.0,0
2249,-10.0,-255.0,1.0,0
2250,-6.0,-255.0,1.0,0
2251,-7.0,-255.0,4.0,0
2252,-5.0,-254.0,3.0,0
2253,-7.0,-251.0,2.0,0
2254,-9.0,-253.0,7.0,0
2255,-13.0,-249.0,3.0,0
2256,-14.0,-250.0,2.0,0
2257,-15.0,-249.0,5.0,0
2258,-15.0,-251.0,5.0,0
2259,-14.0,-254.0,4.0,0
2260,-15.0,-251.0,3.0,0
2261,-17.0,-253.0,3.0,0
2262,-17.0,-254.0,3.0,0
2263,-19.0,-255.0,3.0,0
2264,-17.0,-257.0,0.0,0
2265,-17.0,-257.0,1.0,0
2266,-17.0,-254.0,2.0,0
2267,-17.0,-255.0,0.0,0
2268,-16.0,-257.0,2.0,0
2269,-17.0,-252.0,2.0,0
2270,-15.0,-254.0,0.0,0
2271,-14.0,-251.0,0.0,0
2272,-16.0,-251.0,3.0,0
2273,-18.0,-251.0,2.0,0
2274,-17.0,-251.0,3.0,0
2275,-18.0,-255.0,1.0,0
2276,-19.0,-249.0,1.0,0
2277,-17.0,-252.0,2.0,0
2278,-16.0,-254.0,8.0,0
2279,-15.0,-252.0,5.0,0
2280,-16.0,-250.0,8.0,0
2281,-11.0,-249.0,1.0,0
2282,-13.0,-249.0,4.0,0
2283,-12.0,-245.0,2.0,0
2284,-15.0,-247.0,2.0,0
2285,-12.0,-251.0,1.0,0
2286,-14.0,-251.0,3.0,0
2287,-13.0,-251.0,3.0,0
2288,-14.0,-250.0,4.0,0
2289,-15.0,-250.0,1.0,0
2290,-15.0,-249.0,5.0,0
2291,-12.0,-250.0,3.0,0
2292,-14.0,-248.0,3.0,0
2293,-13.0,-248.0,6.0,0
2294,-14.0,-246.0,2.0,0
2295,-15.0,-250.0,1.0,0
2296,-12.0,-252.0,4.0,0
2297,-14.0,-253.0,5.0,0
2298,-17.0,-243.0,-2.0,0
2299,-16.0,-250.0,2.0,0
2300,-14.0,-254.0,3.0,0
2301,-14.0,-255.0,1.0,0
2302,-14.0,-251.0,1.0,0
2303,-15.0,-253.0,-2.0,0
2304,-14.0,-252.0,0.0,0
2305,-13.0,-252.0,1.0,0
2306,-16.0,-258.0,3.0,0
2307,-11.0,-252.0,1.0,0
2308,-16.0,-254.0,1.0,0
2309,-14.0,-254.0,0.0,0
2310,-12.0,-257.0,0.0,0
2311,-14.0,-252.0,0.0,0
2312,-12.0,-257.0,1.0,0
2313,-10.0,-256.0,0.0,0
2314,-12.0,-253.0,1.0,0
2315,-15.0,-252.0,-2.0,0
2316,-10.0,-252.0,1.0,0
2317,-12.0,-252.0,2.0,0
2318,-10.0,-255.0,-1.0,0
2319,-11.0,-252.0,1.0,0
2320,-11.0,-249.0,0.0,0
2321,-12.0,-251.0,2.0,0
2322,-11.0,-250.0,0.0,0
2323,-15.0,-248.0,2.0,0
2324,-12.0,-248.0,0.0,0
2325,-13.0,-253.0,1.0,0
2326,-15.0,-250.0,0.0,0
2327,-13.0,-251.0,1.0,0
2328,-14.0,-254.0,1.0,0
2329,-13.0,-252.0,1.0,0
2330,-16.0,-251.0,0.0,0
2331,-11.0,-250.0,0.0,0
2332,-12.0,-249.0,0.0,0
2333,-13.0,-252.0,5.0,0
2334,-17.0,-247.0,2.0,0
2335,-12.0,-250.0,-3.0,0
2336,-14.0,-251.0,0.0,0
2337,-11.0,-253.0,1.0,0
2338,-11.0,-254.0,1.0,0
2339,-12.0,-252.0,2.0,0
2340,-8.0,-251.0,0.0,0
2341,-8.0,-243.0,-8.0,0
2342,-11.0,-251.0,-1.0,0
2343,-11.0,-255.0,0.0,0
2344,-14.0,-254.0,1.0,0
2345,-16.0,-254.0,-2.0,0
2346,-15.0,-253.0,0.0,0
2347,-12.0,-255.0,0.0,0
2348,-14.0,-253.0,3.0,0
2349,-14.0,-251.0,0.0,0
2350,-13.0,-252.0,-3.0,0
2351,-14.0,-250.0,0.0,0
2352,-14.0,-253.0,0.0,0
2353,-12.0,-250.0,1.0,0
2354,-15.0,-249.0,-2.0,0
2355,-14.0,-251.0,-2.0,0
2356,-12.0,-251.0,-4.0,0
2357,-12.0,-251.0,0.0,0
2358,-13.0,-248.0,1.0,0
2359,-10.0,-252.0,0.0,0
2360,-12.0,-251.0,3.0,0
2361,-14.0,-250.0,0.0,0
2362,-10.0,-252.0,1.0,0
2363,-12.0,-251.0,3.0,0
2364,-12.0,-248.0,0.0,0
2365,-9.0,-253.0,0.0,0
2366,-12.0,-248.0,-2.0,0
2367,-12.0,-250.0,2.0,0
2368,-13.0,-249.0,-1.0,0
2369,-10.0,-254.0,-4.0,0
2370,-13.0,-255.0,0.0,0
2371,-17.0,-248.0,0.0,0
2372,-16.0,-251.0,2.0,0
2373,-16.0,-252.0,1.0,0
2374,-9.0,-251.0,0.0,0
2375,-13.0,-249.0,-1.0,0
2376,-12.0,-248.0,-3.0,0
2377,-12.0,-249.0,0.0,0
2378,-12.0,-248.0,-4.0,0
2379,-13.0,-248.0,-4.0,0
2380,-13.0,-250.0,-5.0,0
2381,-14.0,-251.0,-4.0,0
2382,-13.0,-255.0,-4.0,0
2383,-14.0,-256.0,-3.0,0
2384,-10.0,-255.0,-3.0,0
2385,-13.0,-255.0,-5.0,0
2386,-13.0,-254.0,-2.0,0
2387,-17.0,-250.0,-3.0,0
2388,-13.0,-251.0,-5.0,0
2389,-14.0,-251.0,-4.0,0
2390,-12.0,-253.0,-1.0,0
2391,-14.0,-255.0,-5.0,0
2392,-16.0,-254.0,-5.0,0
2393,-14.0,-253.0,-3.0,0
2394,-15.0,-256.0,-5.0,0
2395,-16.0,-257.0,-5.0,0
2396,-15.0,-256.0,-6.0,0
2397,-16.0,-256.0,-6.0,0
2398,-16.0,-259.0,-7.0,0
2399,-17.0,-256.0,-8.0,0
