,accelerometer_x,accelerometer_y,accelerometer_z,fall
0,11.0,-254.0,39.0,0
1,8.0,-250.0,36.0,0
2,7.0,-247.0,37.0,0
3,10.0,-248.0,38.0,0
4,9.0,-251.0,33.0,0
5,42.0,-230.0,45.0,0
6,10.0,-243.0,33.0,0
7,3.0,-246.0,40.0,0
8,8.0,-234.0,42.0,0
9,0.0,-252.0,43.0,0
10,4.0,-255.0,56.0,0
11,7.0,-249.0,36.0,0
12,10.0,-243.0,39.0,0
13,14.0,-237.0,39.0,0
14,6.0,-253.0,33.0,0
15,10.0,-253.0,31.0,0
16,11.0,-240.0,39.0,0
17,13.0,-240.0,35.0,0
18,13.0,-247.0,36.0,0
19,3.0,-248.0,45.0,0
20,13.0,-254.0,23.0,0
21,0.0,-256.0,35.0,0
22,14.0,-250.0,35.0,0
23,12.0,-251.0,40.0,0
24,10.0,-250.0,37.0,0
25,8.0,-251.0,37.0,0
26,9.0,-250.0,38.0,0
27,13.0,-252.0,40.0,0
28,9.0,-250.0,35.0,0
29,10.0,-248.0,39.0,0
30,8.0,-250.0,38.0,0
31,10.0,-248.0,35.0,0
32,7.0,-249.0,36.0,0
33,10.0,-248.0,35.0,0
34,11.0,-248.0,38.0,0
35,11.0,-249.0,35.0,0
36,9.0,-247.0,36.0,0
37,12.0,-261.0,39.0,0
38,9.0,-249.0,34.0,0
39,8.0,-249.0,37.0,0
40,8.0,-249.0,37.0,0
41,8.0,-251.0,39.0,0
42,9.0,-251.0,36.0,0
43,7.0,-251.0,38.0,0
44,6.0,-249.0,40.0,0
45,9.0,-251.0,38.0,0
46,9.0,-252.0,36.0,0
47,8.0,-253.0,40.0,0
48,9.0,-252.0,35.0,0
49,10.0,-252.0,39.0,0
50,8.0,-250.0,39.0,0
51,9.0,-246.0,32.0,0
52,11.0,-250.0,39.0,0
53,9.0,-251.0,35.0,0
54,11.0,-250.0,37.0,0
55,7.0,-249.0,40.0,0
56,9.0,-251.0,38.0,0
57,9.0,-251.0,38.0,0
58,9.0,-250.0,39.0,0
59,10.0,-251.0,42.0,0
60,9.0,-248.0,41.0,0
61,10.0,-249.0,39.0,0
62,10.0,-250.0,40.0,0
63,6.0,-249.0,36.0,0
64,6.0,-250.0,39.0,0
65,10.0,-250.0,38.0,0
66,7.0,-249.0,36.0,0
67,7.0,-249.0,37.0,0
68,7.0,-248.0,36.0,0
69,9.0,-249.0,40.0,0
70,10.0,-248.0,42.0,0
71,9.0,-250.0,33.0,0
72,9.0,-250.0,38.0,0
73,7.0,-250.0,38.0,0
74,9.0,-248.0,39.0,0
75,8.0,-253.0,34.0,0
76,9.0,-250.0,37.0,0
77,6.0,-248.0,33.0,0
78,6.0,-249.0,37.0,0
79,7.0,-251.0,40.0,0
80,10.0,-250.0,33.0,0
81,11.0,-248.0,35.0,0
82,8.0,-251.0,39.0,0
83,8.0,-250.0,41.0,0
84,11.0,-250.0,39.0,0
85,10.0,-249.0,38.0,0
86,9.0,-250.0,38.0,0
87,9.0,-246.0,37.0,0
88,9.0,-250.0,39.0,0
89,10.0,-248.0,39.0,0
90,7.0,-249.0,38.0,0
91,8.0,-248.0,37.0,0
92,7.0,-248.0,39.0,0
93,9.0,-250.0,39.0,0
94,7.0,-250.0,34.0,0
95,8.0,-249.0,34.0,0
96,8.0,-252.0,39.0,0
97,5.0,-248.0,38.0,0
98,9.0,-248.0,36.0,0
99,10.0,-251.0,40.0,0
100,11.0,-249.0,41.0,0
101,10.0,-251.0,37.0,0
102,7.0,-249.0,38.0,0
103,4.0,-249.0,40.0,0
104,9.0,-251.0,40.0,0
105,11.0,-249.0,37.0,0
106,8.0,-247.0,38.0,0
107,11.0,-252.0,36.0,0
108,9.0,-250.0,37.0,0
109,11.0,-248.0,38.0,0
110,10.0,-249.0,37.0,0
111,9.0,-248.0,34.0,0
112,10.0,-249.0,38.0,0
113,9.0,-251.0,38.0,0
114,6.0,-249.0,41.0,0
115,6.0,-252.0,37.0,0
116,10.0,-250.0,41.0,0
117,8.0,-249.0,35.0,0
118,9.0,-253.0,39.0,0
119,8.0,-249.0,40.0,0
120,9.0,-251.0,38.0,0
121,7.0,-249.0,38.0,0
122,8.0,-248.0,37.0,0
123,7.0,-247.0,33.0,0
124,8.0,-248.0,38.0,0
125,10.0,-248.0,38.0,0
126,10.0,-249.0,37.0,0
127,8.0,-248.0,33.0,0
128,8.0,-250.0,39.0,0
129,9.0,-250.0,39.0,0
130,11.0,-249.0,40.0,0
131,11.0,-251.0,37.0,0
132,8.0,-249.0,37.0,0
133,9.0,-254.0,36.0,0
134,9.0,-249.0,38.0,0
135,6.0,-251.0,38.0,0
136,8.0,-251.0,39.0,0
137,8.0,-251.0,38.0,0
138,11.0,-251.0,37.0,0
139,8.0,-251.0,39.0,0
140,8.0,-251.0,39.0,0
141,7.0,-250.0,38.0,0
142,6.0,-250.0,34.0,0
143,7.0,-250.0,36.0,0
144,6.0,-249.0,40.0,0
145,7.0,-250.0,35.0,0
146,7.0,-246.0,38.0,0
147,8.0,-249.0,39.0,0
148,10.0,-250.0,35.0,0
149,8.0,-252.0,40.0,0
150,8.0,-250.0,39.0,0
151,8.0,-253.0,39.0,0
152,9.0,-250.0,39.0,0
153,9.0,-251.0,37.0,0
154,11.0,-250.0,40.0,0
155,12.0,-251.0,40.0,0
156,11.0,-250.0,36.0,0
157,9.0,-249.0,38.0,0
158,7.0,-249.0,37.0,0
159,9.0,-247.0,38.0,0
160,9.0,-252.0,41.0,0
161,9.0,-250.0,42.0,0
162,10.0,-251.0,36.0,0
163,9.0,-249.0,38.0,0
164,7.0,-247.0,33.0,0
165,7.0,-251.0,35.0,0
166,9.0,-248.0,35.0,0
167,10.0,-250.0,33.0,0
168,7.0,-249.0,36.0,0
169,8.0,-249.0,43.0,0
170,6.0,-248.0,39.0,0
171,8.0,-248.0,41.0,0
172,8.0,-248.0,41.0,0
173,7.0,-243.0,42.0,0
174,5.0,-248.0,38.0,0
175,7.0,-248.0,43.0,0
176,9.0,-249.0,39.0,0
177,10.0,-249.0,39.0,0
178,9.0,-246.0,37.0,0
179,12.0,-252.0,35.0,0
180,8.0,-249.0,34.0,0
181,9.0,-250.0,39.0,0
182,8.0,-251.0,40.0,0
183,8.0,-249.0,38.0,0
184,10.0,-250.0,37.0,0
185,6.0,-249.0,33.0,0
186,11.0,-253.0,40.0,0
187,9.0,-251.0,38.0,0
188,7.0,-249.0,37.0,0
189,10.0,-251.0,37.0,0
190,9.0,-249.0,37.0,0
191,10.0,-249.0,37.0,0
192,13.0,-249.0,36.0,0
193,9.0,-250.0,38.0,0
194,10.0,-247.0,37.0,0
195,11.0,-250.0,37.0,0
196,11.0,-249.0,39.0,0
197,7.0,-247.0,34.0,0
198,11.0,-249.0,37.0,0
199,7.0,-248.0,38.0,0
200,8.0,-252.0,38.0,0
201,8.0,-249.0,36.0,0
202,8.0,-249.0,35.0,0
203,6.0,-250.0,37.0,0
204,10.0,-252.0,37.0,0
205,10.0,-250.0,41.0,0
206,6.0,-249.0,43.0,0
207,8.0,-251.0,35.0,0
208,11.0,-251.0,41.0,0
209,9.0,-250.0,38.0,0
210,7.0,-250.0,39.0,0
211,8.0,-250.0,37.0,0
212,8.0,-252.0,42.0,0
213,11.0,-251.0,35.0,0
214,8.0,-251.0,36.0,0
215,7.0,-248.0,38.0,0
216,9.0,-247.0,41.0,0
217,9.0,-250.0,36.0,0
218,10.0,-249.0,39.0,0
219,9.0,-251.0,40.0,0
220,7.0,-248.0,37.0,0
221,8.0,-248.0,40.0,0
222,11.0,-251.0,37.0,0
223,8.0,-245.0,41.0,0
224,8.0,-247.0,37.0,0
225,8.0,-251.0,40.0,0
226,8.0,-247.0,38.0,0
227,10.0,-247.0,41.0,0
228,9.0,-249.0,38.0,0
229,10.0,-249.0,41.0,0
230,10.0,-248.0,40.0,0
231,10.0,-249.0,40.0,0
232,10.0,-249.0,38.0,0
233,9.0,-249.0,40.0,0
234,8.0,-252.0,38.0,0
235,11.0,-250.0,39.0,0
236,8.0,-249.0,40.0,0
237,8.0,-247.0,37.0,0
238,9.0,-249.0,37.0,0
239,8.0,-250.0,37.0,0
240,10.0,-248.0,41.0,0
241,7.0,-249.0,41.0,0
242,6.0,-248.0,39.0,0
243,6.0,-248.0,38.0,0
244,9.0,-246.0,32.0,0
245,8.0,-246.0,39.0,0
246,10.0,-250.0,39.0,0
247,9.0,-250.0,39.0,0
248,11.0,-250.0,40.0,0
249,9.0,-250.0,35.0,0
250,8.0,-250.0,36.0,0
251,8.0,-248.0,38.0,0
252,10.0,-248.0,40.0,0
253,10.0,-249.0,41.0,0
254,11.0,-249.0,39.0,0
255,10.0,-249.0,42.0,0
256,8.0,-248.0,38.0,0
257,9.0,-249.0,37.0,0
258,8.0,-249.0,41.0,0
259,11.0,-249.0,39.0,0
260,10.0,-251.0,41.0,0
261,9.0,-249.0,38.0,0
262,7.0,-250.0,38.0,0
263,10.0,-247.0,35.0,0
264,11.0,-251.0,39.0,0
265,11.0,-250.0,41.0,0
266,10.0,-250.0,44.0,0
267,10.0,-251.0,41.0,0
268,8.0,-249.0,36.0,0
269,8.0,-249.0,38.0,0
270,11.0,-247.0,42.0,0
271,10.0,-250.0,37.0,0
272,8.0,-251.0,39.0,0
273,8.0,-251.0,40.0,0
274,9.0,-251.0,41.0,0
275,8.0,-249.0,39.0,0
276,12.0,-252.0,40.0,0
277,10.0,-250.0,40.0,0
278,10.0,-248.0,39.0,0
279,8.0,-247.0,40.0,0
280,8.0,-249.0,37.0,0
281,9.0,-250.0,40.0,0
282,10.0,-249.0,40.0,0
283,9.0,-248.0,36.0,0
284,10.0,-248.0,36.0,0
285,8.0,-248.0,39.0,0
286,9.0,-249.0,37.0,0
287,11.0,-250.0,39.0,0
288,9.0,-250.0,38.0,0
289,9.0,-249.0,40.0,0
290,8.0,-250.0,40.0,0
291,9.0,-251.0,37.0,0
292,11.0,-247.0,40.0,0
293,11.0,-248.0,39.0,0
294,10.0,-249.0,36.0,0
295,8.0,-247.0,37.0,0
296,8.0,-247.0,34.0,0
297,10.0,-251.0,39.0,0
298,9.0,-249.0,39.0,0
299,7.0,-248.0,41.0,0
300,8.0,-248.0,38.0,0
301,8.0,-251.0,40.0,0
302,11.0,-252.0,39.0,0
303,9.0,-251.0,40.0,0
304,10.0,-249.0,36.0,0
305,10.0,-253.0,36.0,0
306,11.0,-248.0,37.0,0
307,10.0,-251.0,39.0,0
308,8.0,-252.0,37.0,0
309,13.0,-250.0,34.0,0
310,9.0,-252.0,37.0,0
311,12.0,-250.0,40.0,0
312,11.0,-250.0,38.0,0
313,10.0,-251.0,37.0,0
314,9.0,-250.0,43.0,0
315,6.0,-249.0,37.0,0
316,12.0,-252.0,39.0,0
317,9.0,-250.0,36.0,0
318,10.0,-253.0,40.0,0
319,9.0,-248.0,34.0,0
320,10.0,-250.0,40.0,0
321,7.0,-248.0,35.0,0
322,8.0,-250.0,41.0,0
323,8.0,-251.0,40.0,0
324,10.0,-248.0,38.0,0
325,10.0,-249.0,38.0,0
326,8.0,-249.0,38.0,0
327,10.0,-248.0,37.0,0
328,12.0,-252.0,41.0,0
329,12.0,-249.0,35.0,0
330,8.0,-250.0,39.0,0
331,9.0,-251.0,34.0,0
332,8.0,-252.0,33.0,0
333,10.0,-255.0,37.0,0
334,7.0,-250.0,37.0,0
335,5.0,-250.0,38.0,0
336,4.0,-251.0,39.0,0
337,8.0,-250.0,39.0,0
338,8.0,-251.0,39.0,0
339,8.0,-251.0,42.0,0
340,9.0,-250.0,37.0,0
341,7.0,-247.0,36.0,0
342,12.0,-252.0,35.0,0
343,6.0,-247.0,32.0,0
344,9.0,-247.0,32.0,0
345,9.0,-248.0,35.0,0
346,7.0,-249.0,37.0,0
347,9.0,-250.0,37.0,0
348,8.0,-249.0,40.0,0
349,6.0,-249.0,40.0,0
350,9.0,-248.0,42.0,0
351,10.0,-247.0,37.0,0
352,9.0,-246.0,43.0,0
353,6.0,-250.0,40.0,0
354,9.0,-249.0,42.0,0
355,8.0,-252.0,36.0,0
356,11.0,-250.0,37.0,0
357,8.0,-251.0,37.0,0
358,7.0,-248.0,36.0,0
359,8.0,-249.0,33.0,0
360,8.0,-249.0,37.0,0
361,10.0,-251.0,35.0,0
362,8.0,-253.0,36.0,0
363,13.0,-253.0,37.0,0
364,9.0,-253.0,38.0,0
365,11.0,-250.0,38.0,0
366,11.0,-252.0,37.0,0
367,10.0,-253.0,36.0,0
368,12.0,-250.0,40.0,0
369,10.0,-252.0,41.0,0
370,10.0,-248.0,35.0,0
371,20.0,-257.0,45.0,0
372,10.0,-250.0,37.0,0
373,9.0,-246.0,37.0,0
374,8.0,-246.0,37.0,0
375,7.0,-248.0,35.0,0
376,9.0,-247.0,36.0,0
377,6.0,-250.0,36.0,0
378,8.0,-250.0,37.0,0
379,9.0,-249.0,36.0,0
380,9.0,-253.0,35.0,0
381,10.0,-254.0,40.0,0
382,9.0,-250.0,36.0,0
383,10.0,-251.0,38.0,0
384,8.0,-252.0,39.0,0
385,8.0,-249.0,36.0,0
386,11.0,-251.0,39.0,0
387,7.0,-252.0,38.0,0
388,8.0,-252.0,37.0,0
389,9.0,-249.0,38.0,0
390,7.0,-248.0,41.0,0
391,10.0,-248.0,34.0,0
392,9.0,-251.0,36.0,0
393,8.0,-251.0,37.0,0
394,9.0,-251.0,40.0,0
395,6.0,-249.0,37.0,0
396,7.0,-252.0,37.0,0
397,6.0,-250.0,40.0,0
398,9.0,-251.0,40.0,0
399,10.0,-249.0,41.0,0
400,10.0,-252.0,40.0,0
401,9.0,-251.0,38.0,0
402,9.0,-247.0,39.0,0
403,10.0,-253.0,36.0,0
404,7.0,-247.0,41.0,0
405,6.0,-249.0,44.0,0
406,11.0,-249.0,37.0,0
407,8.0,-246.0,41.0,0
408,9.0,-249.0,39.0,0
409,10.0,-250.0,37.0,0
410,7.0,-248.0,37.0,0
411,11.0,-248.0,40.0,0
412,11.0,-251.0,35.0,0
413,10.0,-252.0,36.0,0
414,7.0,-251.0,36.0,0
415,7.0,-247.0,38.0,0
416,8.0,-251.0,36.0,0
417,10.0,-250.0,40.0,0
418,7.0,-249.0,34.0,0
419,11.0,-251.0,36.0,0
420,7.0,-253.0,35.0,0
421,5.0,-250.0,35.0,0
422,9.0,-251.0,34.0,0
423,6.0,-251.0,39.0,0
424,8.0,-251.0,38.0,0
425,10.0,-252.0,37.0,0
426,6.0,-249.0,37.0,0
427,9.0,-250.0,38.0,0
428,9.0,-251.0,38.0,0
429,8.0,-250.0,35.0,0
430,7.0,-248.0,37.0,0
431,10.0,-248.0,38.0,0
432,9.0,-251.0,38.0,0
433,8.0,-249.0,34.0,0
434,8.0,-251.0,36.0,0
435,8.0,-251.0,34.0,0
436,10.0,-251.0,36.0,0
437,8.0,-248.0,37.0,0
438,9.0,-250.0,34.0,0
439,8.0,-250.0,39.0,0
440,7.0,-249.0,33.0,0
441,9.0,-252.0,39.0,0
442,8.0,-249.0,40.0,0
443,7.0,-249.0,37.0,0
444,11.0,-253.0,32.0,0
445,9.0,-249.0,38.0,0
446,9.0,-247.0,38.0,0
447,7.0,-249.0,36.0,0
448,8.0,-249.0,36.0,0
449,8.0,-250.0,39.0,0
450,8.0,-249.0,36.0,0
451,8.0,-250.0,39.0,0
452,8.0,-251.0,38.0,0
453,11.0,-249.0,36.0,0
454,11.0,-250.0,39.0,0
455,6.0,-247.0,35.0,0
456,7.0,-249.0,37.0,0
457,6.0,-250.0,38.0,0
458,7.0,-248.0,32.0,0
459,7.0,-249.0,43.0,0
460,10.0,-250.0,36.0,0
461,8.0,-252.0,36.0,0
462,12.0,-251.0,42.0,0
463,10.0,-251.0,39.0,0
464,12.0,-248.0,36.0,0
465,12.0,-251.0,35.0,0
466,7.0,-249.0,39.0,0
467,9.0,-250.0,37.0,0
468,8.0,-248.0,37.0,0
469,11.0,-250.0,38.0,0
470,9.0,-251.0,38.0,0
471,8.0,-253.0,37.0,0
472,10.0,-253.0,37.0,0
473,9.0,-252.0,35.0,0
474,9.0,-251.0,39.0,0
475,8.0,-250.0,37.0,0
476,8.0,-251.0,37.0,0
477,8.0,-249.0,38.0,0
478,10.0,-252.0,37.0,0
479,8.0,-250.0,38.0,0
480,8.0,-250.0,40.0,0
481,7.0,-248.0,36.0,0
482,11.0,-249.0,34.0,0
483,12.0,-251.0,33.0,0
484,10.0,-249.0,36.0,0
485,10.0,-249.0,38.0,0
486,10.0,-250.0,36.0,0
487,10.0,-250.0,39.0,0
488,9.0,-250.0,38.0,0
489,11.0,-248.0,39.0,0
490,8.0,-249.0,34.0,0
491,9.0,-250.0,41.0,0
492,9.0,-253.0,38.0,0
493,9.0,-249.0,36.0,0
494,8.0,-251.0,39.0,0
495,6.0,-250.0,38.0,0
496,8.0,-254.0,37.0,0
497,7.0,-249.0,36.0,0
498,7.0,-250.0,37.0,0
499,5.0,-251.0,35.0,0
500,9.0,-250.0,40.0,0
501,6.0,-249.0,39.0,0
502,8.0,-252.0,34.0,0
503,9.0,-249.0,36.0,0
504,7.0,-250.0,36.0,0
505,9.0,-252.0,36.0,0
506,9.0,-248.0,39.0,0
507,11.0,-250.0,35.0,0
508,11.0,-252.0,40.0,0
509,8.0,-249.0,35.0,0
510,10.0,-249.0,34.0,0
511,10.0,-250.0,38.0,0
512,6.0,-250.0,38.0,0
513,6.0,-251.0,37.0,0
514,11.0,-251.0,40.0,0
515,8.0,-248.0,37.0,0
516,7.0,-248.0,40.0,0
517,9.0,-249.0,37.0,0
518,10.0,-249.0,37.0,0
519,6.0,-247.0,37.0,0
520,9.0,-246.0,37.0,0
521,10.0,-251.0,36.0,0
522,12.0,-252.0,36.0,0
523,10.0,-247.0,36.0,0
524,8.0,-253.0,37.0,0
525,11.0,-250.0,37.0,0
526,7.0,-249.0,37.0,0
527,9.0,-249.0,34.0,0
528,5.0,-248.0,37.0,0
529,6.0,-248.0,39.0,0
530,8.0,-250.0,38.0,0
531,10.0,-248.0,37.0,0
532,10.0,-251.0,36.0,0
533,10.0,-248.0,40.0,0
534,12.0,-249.0,40.0,0
535,11.0,-247.0,39.0,0
536,8.0,-247.0,44.0,0
537,10.0,-249.0,35.0,0
538,8.0,-251.0,37.0,0
539,7.0,-250.0,35.0,0
540,10.0,-250.0,37.0,0
541,10.0,-249.0,40.0,0
542,7.0,-250.0,35.0,0
543,11.0,-252.0,37.0,0
544,9.0,-248.0,35.0,0
545,8.0,-248.0,37.0,0
546,7.0,-249.0,38.0,0
547,11.0,-251.0,33.0,0
548,12.0,-253.0,37.0,0
549,8.0,-249.0,35.0,0
550,12.0,-250.0,37.0,0
551,10.0,-250.0,36.0,0
552,9.0,-251.0,35.0,0
553,7.0,-250.0,35.0,0
554,9.0,-248.0,37.0,0
555,8.0,-249.0,37.0,0
556,11.0,-248.0,35.0,0
557,7.0,-248.0,40.0,0
558,10.0,-248.0,36.0,0
559,8.0,-250.0,37.0,0
560,11.0,-249.0,37.0,0
561,8.0,-248.0,36.0,0
562,8.0,-249.0,38.0,0
563,7.0,-251.0,37.0,0
564,8.0,-249.0,38.0,0
565,6.0,-248.0,36.0,0
566,8.0,-250.0,39.0,0
567,9.0,-250.0,40.0,0
568,7.0,-249.0,35.0,0
569,7.0,-252.0,43.0,0
570,11.0,-252.0,37.0,0
571,7.0,-250.0,40.0,0
572,8.0,-248.0,37.0,0
573,8.0,-250.0,36.0,0
574,10.0,-249.0,41.0,0
575,8.0,-249.0,38.0,0
576,8.0,-248.0,37.0,0
577,8.0,-251.0,39.0,0
578,9.0,-251.0,35.0,0
579,9.0,-250.0,39.0,0
580,10.0,-249.0,35.0,0
581,7.0,-247.0,41.0,0
582,8.0,-248.0,37.0,0
583,9.0,-248.0,41.0,0
584,11.0,-249.0,37.0,0
585,11.0,-248.0,38.0,0
586,8.0,-250.0,39.0,0
587,10.0,-250.0,36.0,0
588,9.0,-250.0,34.0,0
589,8.0,-249.0,39.0,0
590,8.0,-248.0,38.0,0
591,11.0,-249.0,39.0,0
592,10.0,-251.0,40.0,0
593,7.0,-247.0,39.0,0
594,10.0,-253.0,42.0,0
595,13.0,-251.0,39.0,0
596,8.0,-249.0,36.0,0
597,8.0,-252.0,41.0,0
598,10.0,-252.0,40.0,0
599,5.0,-250.0,37.0,0
600,6.0,-250.0,42.0,0
601,10.0,-248.0,39.0,0
602,12.0,-252.0,40.0,0
603,11.0,-251.0,36.0,0
604,9.0,-250.0,33.0,0
605,9.0,-250.0,35.0,0
606,10.0,-248.0,38.0,0
607,10.0,-250.0,36.0,0
608,6.0,-249.0,38.0,0
609,9.0,-251.0,37.0,0
610,11.0,-249.0,39.0,0
611,10.0,-249.0,39.0,0
612,10.0,-251.0,36.0,0
613,10.0,-250.0,39.0,0
614,9.0,-250.0,36.0,0
615,9.0,-249.0,38.0,0
616,8.0,-253.0,35.0,0
617,10.0,-252.0,38.0,0
618,12.0,-249.0,36.0,0
619,7.0,-249.0,38.0,0
620,9.0,-248.0,35.0,0
621,12.0,-252.0,38.0,0
622,9.0,-251.0,38.0,0
623,8.0,-248.0,38.0,0
624,9.0,-249.0,37.0,0
625,10.0,-250.0,38.0,0
626,6.0,-249.0,38.0,0
627,7.0,-249.0,39.0,0
628,7.0,-248.0,37.0,0
629,7.0,-250.0,38.0,0
630,10.0,-250.0,39.0,0
631,10.0,-250.0,37.0,0
632,10.0,-248.0,39.0,0
633,11.0,-248.0,40.0,0
634,12.0,-247.0,33.0,0
635,9.0,-251.0,35.0,0
636,7.0,-250.0,38.0,0
637,7.0,-249.0,35.0,0
638,8.0,-249.0,40.0,0
639,8.0,-249.0,37.0,0
640,11.0,-249.0,37.0,0
641,6.0,-250.0,40.0,0
642,11.0,-250.0,38.0,0
643,9.0,-249.0,39.0,0
644,9.0,-249.0,41.0,0
645,7.0,-249.0,37.0,0
646,10.0,-251.0,37.0,0
647,9.0,-250.0,39.0,0
648,8.0,-248.0,39.0,0
649,10.0,-249.0,38.0,0
650,11.0,-249.0,37.0,0
651,9.0,-253.0,40.0,0
652,7.0,-248.0,40.0,0
653,8.0,-250.0,38.0,0
654,9.0,-248.0,39.0,0
655,9.0,-251.0,43.0,0
656,7.0,-249.0,41.0,0
657,10.0,-255.0,40.0,0
658,7.0,-252.0,39.0,0
659,8.0,-248.0,35.0,0
660,8.0,-251.0,31.0,0
661,11.0,-251.0,36.0,0
662,10.0,-251.0,38.0,0
663,9.0,-247.0,41.0,0
664,8.0,-250.0,34.0,0
665,9.0,-250.0,36.0,0
666,6.0,-250.0,39.0,0
667,9.0,-247.0,38.0,0
668,10.0,-248.0,36.0,0
669,10.0,-251.0,41.0,0
670,6.0,-247.0,37.0,0
671,11.0,-250.0,38.0,0
672,7.0,-249.0,39.0,0
673,10.0,-248.0,37.0,0
674,9.0,-250.0,38.0,0
675,10.0,-251.0,40.0,0
676,10.0,-252.0,38.0,0
677,10.0,-249.0,36.0,0
678,8.0,-251.0,37.0,0
679,7.0,-246.0,42.0,0
680,10.0,-252.0,36.0,0
681,9.0,-251.0,40.0,0
682,11.0,-249.0,38.0,0
683,10.0,-251.0,37.0,0
684,10.0,-254.0,39.0,0
685,11.0,-248.0,38.0,0
686,11.0,-249.0,40.0,0
687,10.0,-249.0,36.0,0
688,9.0,-251.0,41.0,0
689,9.0,-249.0,39.0,0
690,11.0,-250.0,36.0,0
691,7.0,-247.0,40.0,0
692,8.0,-250.0,38.0,0
693,6.0,-250.0,35.0,0
694,10.0,-250.0,41.0,0
695,8.0,-250.0,33.0,0
696,8.0,-251.0,36.0,0
697,7.0,-248.0,37.0,0
698,8.0,-251.0,38.0,0
699,9.0,-248.0,35.0,0
700,9.0,-250.0,38.0,0
701,10.0,-248.0,44.0,0
702,10.0,-253.0,44.0,0
703,9.0,-254.0,38.0,0
704,13.0,-251.0,37.0,0
705,10.0,-248.0,35.0,0
706,7.0,-246.0,36.0,0
707,8.0,-249.0,31.0,0
708,9.0,-250.0,34.0,0
709,6.0,-250.0,40.0,0
710,8.0,-251.0,37.0,0
711,9.0,-248.0,39.0,0
712,9.0,-249.0,41.0,0
713,9.0,-245.0,41.0,0
714,8.0,-247.0,40.0,0
715,11.0,-248.0,41.0,0
716,8.0,-249.0,40.0,0
717,8.0,-250.0,37.0,0
718,11.0,-250.0,37.0,0
719,8.0,-248.0,39.0,0
720,10.0,-247.0,36.0,0
721,10.0,-253.0,38.0,0
722,9.0,-248.0,39.0,0
723,10.0,-250.0,38.0,0
724,11.0,-250.0,40.0,0
725,11.0,-250.0,37.0,0
726,10.0,-251.0,35.0,0
727,8.0,-249.0,34.0,0
728,9.0,-250.0,35.0,0
729,9.0,-249.0,38.0,0
730,6.0,-255.0,33.0,0
731,8.0,-249.0,42.0,0
732,9.0,-250.0,36.0,0
733,9.0,-249.0,39.0,0
734,9.0,-248.0,33.0,0
735,9.0,-248.0,37.0,0
736,10.0,-247.0,34.0,0
737,8.0,-249.0,36.0,0
738,8.0,-250.0,34.0,0
739,8.0,-247.0,36.0,0
740,7.0,-247.0,37.0,0
741,9.0,-250.0,35.0,0
742,9.0,-252.0,38.0,0
743,11.0,-252.0,34.0,0
744,9.0,-251.0,40.0,0
745,10.0,-251.0,36.0,0
746,9.0,-250.0,42.0,0
747,11.0,-251.0,37.0,0
748,8.0,-250.0,39.0,0
749,9.0,-250.0,39.0,0
750,9.0,-250.0,35.0,0
751,7.0,-252.0,42.0,0
752,7.0,-251.0,38.0,0
753,9.0,-250.0,41.0,0
754,8.0,-250.0,39.0,0
755,10.0,-247.0,36.0,0
756,7.0,-251.0,36.0,0
757,9.0,-251.0,36.0,0
758,8.0,-250.0,39.0,0
759,7.0,-251.0,38.0,0
760,8.0,-250.0,37.0,0
761,8.0,-248.0,41.0,0
762,9.0,-248.0,39.0,0
763,6.0,-250.0,38.0,0
764,11.0,-253.0,35.0,0
765,9.0,-252.0,36.0,0
766,8.0,-251.0,38.0,0
767,9.0,-252.0,41.0,0
768,8.0,-249.0,40.0,0
769,7.0,-248.0,36.0,0
770,13.0,-250.0,38.0,0
771,10.0,-249.0,40.0,0
772,10.0,-249.0,37.0,0
773,8.0,-248.0,38.0,0
774,10.0,-250.0,38.0,0
775,9.0,-250.0,37.0,0
776,10.0,-252.0,40.0,0
777,9.0,-249.0,39.0,0
778,7.0,-252.0,41.0,0
779,9.0,-247.0,34.0,0
780,8.0,-251.0,37.0,0
781,8.0,-250.0,40.0,0
782,6.0,-251.0,42.0,0
783,8.0,-250.0,41.0,0
784,7.0,-248.0,39.0,0
785,7.0,-252.0,38.0,0
786,11.0,-247.0,36.0,0
787,8.0,-252.0,39.0,0
788,7.0,-248.0,39.0,0
789,10.0,-252.0,35.0,0
790,7.0,-249.0,38.0,0
791,11.0,-247.0,34.0,0
792,7.0,-248.0,39.0,0
793,6.0,-249.0,37.0,0
794,6.0,-249.0,35.0,0
795,11.0,-249.0,34.0,0
796,8.0,-250.0,40.0,0
797,9.0,-252.0,38.0,0
798,9.0,-250.0,35.0,0
799,9.0,-251.0,41.0,0
800,8.0,-248.0,36.0,0
801,11.0,-250.0,36.0,0
802,10.0,-250.0,35.0,0
803,10.0,-247.0,40.0,0
804,7.0,-249.0,41.0,0
805,9.0,-252.0,34.0,0
806,10.0,-253.0,38.0,0
807,8.0,-249.0,39.0,0
808,9.0,-248.0,36.0,0
809,7.0,-247.0,40.0,0
810,8.0,-249.0,37.0,0
811,11.0,-248.0,38.0,0
812,9.0,-248.0,38.0,0
813,8.0,-249.0,38.0,0
814,8.0,-250.0,35.0,0
815,12.0,-249.0,38.0,0
816,10.0,-250.0,39.0,0
817,8.0,-248.0,39.0,0
818,8.0,-248.0,34.0,0
819,10.0,-253.0,38.0,0
820,10.0,-251.0,37.0,0
821,7.0,-246.0,40.0,0
822,8.0,-248.0,36.0,0
823,11.0,-250.0,36.0,0
824,10.0,-248.0,34.0,0
825,7.0,-252.0,36.0,0
826,8.0,-251.0,36.0,0
827,8.0,-250.0,35.0,0
828,9.0,-251.0,38.0,0
829,10.0,-248.0,35.0,0
830,7.0,-250.0,36.0,0
831,8.0,-248.0,36.0,0
832,12.0,-251.0,42.0,0
833,9.0,-249.0,37.0,0
834,9.0,-252.0,37.0,0
835,9.0,-250.0,37.0,0
836,9.0,-247.0,37.0,0
837,7.0,-249.0,40.0,0
838,8.0,-251.0,36.0,0
839,7.0,-251.0,40.0,0
840,7.0,-251.0,38.0,0
841,10.0,-251.0,35.0,0
842,8.0,-251.0,39.0,0
843,9.0,-250.0,38.0,0
844,8.0,-249.0,38.0,0
845,11.0,-248.0,42.0,0
846,9.0,-250.0,34.0,0
847,10.0,-249.0,37.0,0
848,9.0,-251.0,38.0,0
849,11.0,-252.0,37.0,0
850,9.0,-249.0,40.0,0
851,10.0,-250.0,35.0,0
852,6.0,-247.0,40.0,0
853,9.0,-251.0,34.0,0
854,7.0,-252.0,37.0,0
855,9.0,-251.0,35.0,0
856,5.0,-248.0,40.0,0
857,9.0,-248.0,36.0,0
858,7.0,-249.0,40.0,0
859,6.0,-250.0,36.0,0
860,10.0,-249.0,38.0,0
861,8.0,-250.0,37.0,0
862,12.0,-250.0,35.0,0
863,7.0,-249.0,37.0,0
864,9.0,-248.0,35.0,0
865,10.0,-251.0,35.0,0
866,8.0,-248.0,40.0,0
867,9.0,-248.0,37.0,0
868,6.0,-249.0,36.0,0
869,9.0,-248.0,40.0,0
870,9.0,-251.0,39.0,0
871,10.0,-250.0,39.0,0
872,7.0,-249.0,36.0,0
873,9.0,-249.0,37.0,0
874,10.0,-251.0,37.0,0
875,10.0,-249.0,40.0,0
876,8.0,-250.0,40.0,0
877,8.0,-251.0,37.0,0
878,6.0,-245.0,40.0,0
879,10.0,-250.0,37.0,0
880,10.0,-249.0,41.0,0
881,10.0,-248.0,37.0,0
882,9.0,-248.0,35.0,0
883,9.0,-251.0,38.0,0
884,11.0,-251.0,38.0,0
885,11.0,-251.0,37.0,0
886,10.0,-249.0,37.0,0
887,8.0,-247.0,35.0,0
888,12.0,-247.0,34.0,0
889,6.0,-250.0,33.0,0
890,10.0,-248.0,37.0,0
891,8.0,-248.0,39.0,0
892,9.0,-251.0,39.0,0
893,9.0,-248.0,38.0,0
894,5.0,-247.0,39.0,0
895,9.0,-249.0,40.0,0
896,11.0,-250.0,43.0,0
897,7.0,-246.0,40.0,0
898,7.0,-250.0,43.0,0
899,8.0,-251.0,42.0,0
900,8.0,-248.0,36.0,0
901,8.0,-250.0,35.0,0
902,8.0,-251.0,39.0,0
903,7.0,-250.0,38.0,0
904,10.0,-249.0,36.0,0
905,8.0,-247.0,36.0,0
906,10.0,-248.0,36.0,0
907,10.0,-249.0,38.0,0
908,10.0,-248.0,35.0,0
909,10.0,-250.0,36.0,0
910,8.0,-251.0,35.0,0
911,9.0,-251.0,37.0,0
912,11.0,-252.0,36.0,0
913,9.0,-249.0,38.0,0
914,7.0,-250.0,36.0,0
915,8.0,-251.0,37.0,0
916,8.0,-248.0,32.0,0
917,8.0,-249.0,37.0,0
918,11.0,-248.0,36.0,0
919,8.0,-247.0,39.0,0
920,9.0,-248.0,39.0,0
921,9.0,-250.0,36.0,0
922,10.0,-247.0,36.0,0
923,9.0,-250.0,35.0,0
924,7.0,-249.0,38.0,0
925,9.0,-250.0,39.0,0
926,9.0,-249.0,37.0,0
927,9.0,-249.0,40.0,0
928,10.0,-253.0,41.0,0
929,10.0,-251.0,40.0,0
930,9.0,-251.0,39.0,0
931,11.0,-254.0,38.0,0
932,8.0,-250.0,39.0,0
933,6.0,-249.0,39.0,0
934,9.0,-252.0,34.0,0
935,11.0,-249.0,34.0,0
936,7.0,-248.0,35.0,0
937,12.0,-250.0,37.0,0
938,10.0,-252.0,38.0,0
939,9.0,-247.0,38.0,0
940,6.0,-249.0,38.0,0
941,8.0,-249.0,36.0,0
942,10.0,-251.0,39.0,0
943,9.0,-250.0,38.0,0
944,6.0,-249.0,40.0,0
945,12.0,-253.0,40.0,0
946,10.0,-248.0,40.0,0
947,8.0,-248.0,39.0,0
948,8.0,-250.0,40.0,0
949,6.0,-246.0,41.0,0
950,10.0,-247.0,36.0,0
951,6.0,-252.0,39.0,0
952,6.0,-248.0,41.0,0
953,9.0,-249.0,38.0,0
954,7.0,-247.0,35.0,0
955,9.0,-249.0,41.0,0
956,9.0,-250.0,34.0,0
957,7.0,-251.0,38.0,0
958,7.0,-247.0,39.0,0
959,7.0,-249.0,36.0,0
960,11.0,-249.0,40.0,0
961,7.0,-250.0,34.0,0
962,8.0,-250.0,36.0,0
963,8.0,-249.0,36.0,0
964,9.0,-249.0,39.0,0
965,8.0,-248.0,38.0,0
966,8.0,-249.0,39.0,0
967,9.0,-249.0,38.0,0
968,8.0,-248.0,38.0,0
969,9.0,-248.0,35.0,0
970,7.0,-249.0,35.0,0
971,7.0,-253.0,38.0,0
972,9.0,-249.0,35.0,0
973,11.0,-249.0,36.0,0
974,12.0,-253.0,35.0,0
975,10.0,-248.0,41.0,0
976,6.0,-248.0,36.0,0
977,9.0,-248.0,41.0,0
978,8.0,-251.0,38.0,0
979,9.0,-253.0,35.0,0
980,7.0,-248.0,36.0,0
981,6.0,-252.0,37.0,0
982,8.0,-251.0,37.0,0
983,8.0,-251.0,39.0,0
984,8.0,-251.0,36.0,0
985,7.0,-252.0,37.0,0
986,7.0,-246.0,37.0,0
987,8.0,-246.0,37.0,0
988,11.0,-251.0,35.0,0
989,6.0,-249.0,35.0,0
990,7.0,-248.0,38.0,0
991,10.0,-249.0,39.0,0
992,11.0,-251.0,36.0,0
993,8.0,-250.0,35.0,0
994,10.0,-250.0,37.0,0
995,8.0,-248.0,39.0,0
996,9.0,-250.0,38.0,0
997,8.0,-249.0,41.0,0
998,7.0,-248.0,38.0,0
999,8.0,-249.0,37.0,0
1000,8.0,-249.0,38.0,0
1001,6.0,-250.0,37.0,0
1002,7.0,-249.0,35.0,0
1003,7.0,-250.0,36.0,0
1004,9.0,-251.0,37.0,0
1005,7.0,-250.0,40.0,0
1006,5.0,-250.0,39.0,0
1007,11.0,-252.0,41.0,0
1008,6.0,-250.0,38.0,0
1009,9.0,-251.0,37.0,0
1010,8.0,-253.0,39.0,0
1011,10.0,-249.0,36.0,0
1012,10.0,-249.0,36.0,0
1013,10.0,-252.0,36.0,0
1014,9.0,-252.0,39.0,0
1015,7.0,-248.0,39.0,0
1016,8.0,-253.0,34.0,0
1017,7.0,-251.0,36.0,0
1018,8.0,-249.0,36.0,0
1019,10.0,-249.0,37.0,0
1020,9.0,-249.0,42.0,0
1021,7.0,-250.0,40.0,0
1022,6.0,-248.0,35.0,0
1023,8.0,-251.0,32.0,0
1024,8.0,-251.0,35.0,0
1025,11.0,-253.0,34.0,0
1026,9.0,-251.0,35.0,0
1027,7.0,-252.0,33.0,0
1028,9.0,-254.0,35.0,0
1029,8.0,-252.0,33.0,0
1030,10.0,-253.0,37.0,0
1031,6.0,-253.0,37.0,0
1032,8.0,-253.0,33.0,0
1033,5.0,-254.0,39.0,0
1034,6.0,-251.0,39.0,0
1035,9.0,-254.0,36.0,0
1036,7.0,-253.0,34.0,0
1037,7.0,-253.0,32.0,0
1038,8.0,-250.0,32.0,0
1039,9.0,-252.0,37.0,0
1040,8.0,-248.0,32.0,0
1041,10.0,-249.0,33.0,0
1042,8.0,-249.0,32.0,0
1043,9.0,-249.0,34.0,0
1044,10.0,-253.0,36.0,0
1045,8.0,-251.0,37.0,0
1046,8.0,-251.0,37.0,0
1047,5.0,-249.0,38.0,0
1048,7.0,-251.0,37.0,0
1049,7.0,-251.0,37.0,0
1050,9.0,-250.0,37.0,0
1051,8.0,-252.0,43.0,0
1052,7.0,-244.0,38.0,0
1053,7.0,-248.0,36.0,0
1054,10.0,-248.0,38.0,0
1055,10.0,-249.0,42.0,0
1056,9.0,-250.0,43.0,0
1057,5.0,-250.0,43.0,0
1058,10.0,-250.0,40.0,0
1059,10.0,-249.0,39.0,0
1060,11.0,-255.0,37.0,0
1061,11.0,-250.0,40.0,0
1062,10.0,-251.0,40.0,0
1063,9.0,-248.0,35.0,0
1064,8.0,-247.0,38.0,0
1065,11.0,-249.0,37.0,0
1066,9.0,-248.0,34.0,0
1067,11.0,-250.0,42.0,0
1068,7.0,-250.0,41.0,0
1069,9.0,-247.0,42.0,0
1070,8.0,-247.0,44.0,0
1071,12.0,-251.0,42.0,0
1072,7.0,-247.0,42.0,0
1073,10.0,-248.0,42.0,0
1074,9.0,-249.0,39.0,0
1075,9.0,-248.0,39.0,0
1076,11.0,-250.0,42.0,0
1077,11.0,-250.0,40.0,0
1078,11.0,-250.0,36.0,0
1079,8.0,-250.0,39.0,0
1080,6.0,-249.0,37.0,0
1081,8.0,-249.0,38.0,0
1082,7.0,-253.0,36.0,0
1083,11.0,-253.0,37.0,0
1084,9.0,-250.0,39.0,0
1085,10.0,-252.0,39.0,0
1086,7.0,-252.0,39.0,0
1087,9.0,-251.0,39.0,0
1088,7.0,-249.0,40.0,0
1089,9.0,-249.0,36.0,0
1090,15.0,-250.0,47.0,0
1091,7.0,-247.0,37.0,0
1092,9.0,-248.0,36.0,0
1093,7.0,-247.0,35.0,0
1094,6.0,-245.0,35.0,0
1095,9.0,-246.0,37.0,0
1096,8.0,-250.0,41.0,0
1097,8.0,-247.0,41.0,0
1098,10.0,-249.0,37.0,0
1099,7.0,-250.0,39.0,0
1100,9.0,-250.0,42.0,0
1101,5.0,-249.0,43.0,0
1102,10.0,-253.0,43.0,0
1103,9.0,-251.0,39.0,0
1104,10.0,-250.0,46.0,0
1105,7.0,-247.0,39.0,0
1106,10.0,-249.0,42.0,0
1107,9.0,-248.0,42.0,0
1108,12.0,-247.0,44.0,0
1109,10.0,-248.0,43.0,0
1110,12.0,-245.0,42.0,0
1111,9.0,-244.0,45.0,0
1112,9.0,-246.0,46.0,0
1113,12.0,-247.0,43.0,0
1114,11.0,-246.0,44.0,0
1115,10.0,-247.0,48.0,0
1116,7.0,-247.0,44.0,0
1117,9.0,-247.0,44.0,0
1118,10.0,-248.0,48.0,0
1119,11.0,-250.0,39.0,0
1120,9.0,-248.0,47.0,0
1121,6.0,-247.0,43.0,0
1122,9.0,-248.0,42.0,0
1123,9.0,-244.0,43.0,0
1124,11.0,-246.0,44.0,0
1125,13.0,-248.0,45.0,0
1126,13.0,-249.0,42.0,0
1127,11.0,-248.0,44.0,0
1128,11.0,-248.0,46.0,0
1129,11.0,-247.0,43.0,0
1130,9.0,-249.0,40.0,0
1131,12.0,-248.0,43.0,0
1132,7.0,-247.0,41.0,0
1133,9.0,-248.0,42.0,0
1134,9.0,-248.0,38.0,0
1135,6.0,-250.0,37.0,0
1136,8.0,-250.0,38.0,0
1137,9.0,-254.0,38.0,0
1138,7.0,-254.0,37.0,0
1139,10.0,-254.0,36.0,0
1140,9.0,-250.0,37.0,0
1141,11.0,-252.0,38.0,0
1142,10.0,-253.0,40.0,0
1143,8.0,-252.0,36.0,0
1144,7.0,-254.0,35.0,0
1145,8.0,-249.0,32.0,0
1146,8.0,-253.0,39.0,0
1147,5.0,-251.0,33.0,0
1148,5.0,-251.0,36.0,0
1149,9.0,-250.0,40.0,0
1150,9.0,-249.0,34.0,0
1151,8.0,-249.0,33.0,0
1152,8.0,-248.0,36.0,0
1153,4.0,-250.0,37.0,0
1154,9.0,-253.0,36.0,0
1155,9.0,-253.0,31.0,0
1156,4.0,-249.0,34.0,0
1157,8.0,-253.0,35.0,0
1158,6.0,-250.0,35.0,0
1159,8.0,-254.0,35.0,0
1160,8.0,-252.0,37.0,0
1161,8.0,-250.0,35.0,0
1162,9.0,-252.0,36.0,0
1163,9.0,-253.0,34.0,0
1164,9.0,-252.0,37.0,0
1165,12.0,-252.0,38.0,0
1166,8.0,-249.0,37.0,0
1167,10.0,-252.0,36.0,0
1168,6.0,-248.0,34.0,0
1169,8.0,-249.0,38.0,0
1170,7.0,-251.0,39.0,0
1171,6.0,-248.0,38.0,0
1172,7.0,-251.0,37.0,0
1173,6.0,-250.0,32.0,0
1174,9.0,-250.0,37.0,0
1175,7.0,-252.0,39.0,0
1176,8.0,-251.0,39.0,0
1177,8.0,-253.0,38.0,0
1178,9.0,-250.0,35.0,0
1179,8.0,-252.0,39.0,0
1180,8.0,-252.0,39.0,0
1181,4.0,-250.0,38.0,0
1182,7.0,-251.0,38.0,0
1183,6.0,-250.0,37.0,0
1184,8.0,-251.0,40.0,0
1185,9.0,-251.0,37.0,0
1186,10.0,-250.0,37.0,0
1187,6.0,-247.0,41.0,0
1188,8.0,-249.0,38.0,0
1189,6.0,-246.0,40.0,0
1190,5.0,-249.0,41.0,0
1191,5.0,-246.0,39.0,0
1192,6.0,-246.0,38.0,0
1193,9.0,-248.0,40.0,0
1194,5.0,-249.0,43.0,0
1195,8.0,-248.0,39.0,0
1196,6.0,-249.0,39.0,0
1197,10.0,-248.0,40.0,0
1198,13.0,-249.0,38.0,0
1199,8.0,-250.0,37.0,0
1200,6.0,-249.0,37.0,0
1201,9.0,-252.0,38.0,0
1202,10.0,-246.0,40.0,0
1203,8.0,-248.0,38.0,0
1204,10.0,-250.0,40.0,0
1205,7.0,-251.0,38.0,0
1206,11.0,-248.0,39.0,0
1207,8.0,-248.0,41.0,0
1208,9.0,-249.0,42.0,0
1209,11.0,-251.0,40.0,0
1210,11.0,-249.0,41.0,0
1211,13.0,-250.0,44.0,0
1212,10.0,-245.0,40.0,0
1213,9.0,-248.0,35.0,0
1214,9.0,-248.0,37.0,0
1215,12.0,-249.0,40.0,0
1216,8.0,-248.0,39.0,0
1217,9.0,-246.0,40.0,0
1218,5.0,-246.0,39.0,0
1219,6.0,-248.0,40.0,0
1220,9.0,-247.0,43.0,0
1221,6.0,-247.0,45.0,0
1222,7.0,-246.0,45.0,0
1223,4.0,-245.0,43.0,0
1224,9.0,-247.0,41.0,0
1225,10.0,-249.0,41.0,0
1226,8.0,-248.0,41.0,0
1227,5.0,-245.0,40.0,0
1228,9.0,-248.0,40.0,0
1229,8.0,-247.0,42.0,0
1230,9.0,-247.0,45.0,0
1231,9.0,-251.0,41.0,0
1232,8.0,-250.0,41.0,0
1233,9.0,-249.0,41.0,0
1234,8.0,-248.0,36.0,0
1235,8.0,-245.0,34.0,0
1236,11.0,-247.0,36.0,0
1237,9.0,-245.0,40.0,0
1238,11.0,-246.0,40.0,0
1239,8.0,-243.0,42.0,0
1240,8.0,-245.0,39.0,0
1241,12.0,-247.0,42.0,0
1242,10.0,-248.0,43.0,0
1243,7.0,-244.0,42.0,0
1244,6.0,-246.0,44.0,0
1245,7.0,-247.0,42.0,0
1246,8.0,-250.0,38.0,0
1247,8.0,-246.0,39.0,0
1248,7.0,-248.0,41.0,0
1249,9.0,-247.0,37.0,0
1250,8.0,-246.0,36.0,0
1251,7.0,-247.0,40.0,0
1252,9.0,-248.0,37.0,0
1253,9.0,-244.0,33.0,0
1254,10.0,-248.0,35.0,0
1255,11.0,-249.0,33.0,0
1256,13.0,-249.0,36.0,0
1257,14.0,-250.0,33.0,0
1258,14.0,-248.0,30.0,0
1259,11.0,-247.0,35.0,0
1260,12.0,-248.0,31.0,0
1261,10.0,-246.0,30.0,0
1262,13.0,-247.0,31.0,0
1263,12.0,-249.0,30.0,0
1264,10.0,-246.0,35.0,0
1265,10.0,-247.0,31.0,0
1266,11.0,-249.0,31.0,0
1267,9.0,-245.0,31.0,0
1268,10.0,-246.0,31.0,0
1269,10.0,-246.0,29.0,0
1270,7.0,-245.0,32.0,0
1271,8.0,-249.0,29.0,0
1272,7.0,-245.0,32.0,0
1273,9.0,-249.0,30.0,0
1274,11.0,-250.0,31.0,0
1275,6.0,-246.0,28.0,0
1276,8.0,-249.0,33.0,0
1277,3.0,-244.0,28.0,0
1278,7.0,-249.0,29.0,0
1279,8.0,-251.0,33.0,0
1280,8.0,-249.0,32.0,0
1281,8.0,-248.0,29.0,0
1282,8.0,-251.0,25.0,0
1283,6.0,-251.0,28.0,0
1284,6.0,-247.0,27.0,0
1285,4.0,-247.0,25.0,0
1286,6.0,-248.0,21.0,0
1287,9.0,-249.0,26.0,0
1288,3.0,-250.0,27.0,0
1289,6.0,-250.0,24.0,0
1290,3.0,-246.0,24.0,0
1291,5.0,-248.0,21.0,0
1292,9.0,-248.0,21.0,0
1293,7.0,-245.0,23.0,0
1294,7.0,-243.0,21.0,0
1295,4.0,-245.0,20.0,0
1296,3.0,-247.0,19.0,0
1297,7.0,-244.0,22.0,0
1298,6.0,-248.0,21.0,0
1299,6.0,-247.0,16.0,0
1300,6.0,-247.0,14.0,0
1301,9.0,-251.0,17.0,0
1302,11.0,-253.0,13.0,0
1303,6.0,-250.0,14.0,0
1304,6.0,-253.0,11.0,0
1305,10.0,-256.0,9.0,0
1306,6.0,-253.0,8.0,0
1307,5.0,-250.0,8.0,0
1308,7.0,-256.0,8.0,0
1309,9.0,-254.0,8.0,0
1310,9.0,-254.0,5.0,0
1311,7.0,-252.0,6.0,0
1312,7.0,-253.0,5.0,0
1313,4.0,-253.0,3.0,0
1314,7.0,-251.0,1.0,0
1315,9.0,-255.0,3.0,0
1316,7.0,-250.0,-1.0,0
1317,8.0,-252.0,2.0,0
1318,8.0,-253.0,-1.0,0
1319,5.0,-249.0,-4.0,0
1320,6.0,-252.0,2.0,0
1321,6.0,-251.0,-1.0,0
1322,9.0,-252.0,1.0,0
1323,8.0,-252.0,-4.0,0
1324,7.0,-252.0,-2.0,0
1325,10.0,-255.0,-8.0,0
1326,7.0,-252.0,-7.0,0
1327,9.0,-249.0,-9.0,0
1328,7.0,-253.0,-8.0,0
1329,9.0,-251.0,-10.0,0
1330,7.0,-253.0,-9.0,0
1331,6.0,-253.0,-9.0,0
1332,6.0,-251.0,-12.0,0
1333,4.0,-256.0,-12.0,0
1334,6.0,-254.0,-10.0,0
1335,6.0,-254.0,-14.0,0
1336,4.0,-253.0,-15.0,0
1337,4.0,-255.0,-10.0,0
1338,1.0,-253.0,-12.0,0
1339,-1.0,-254.0,-20.0,0
1340,0.0,-254.0,-13.0,0
1341,2.0,-253.0,-18.0,0
1342,-1.0,-253.0,-19.0,0
1343,3.0,-250.0,-15.0,0
1344,0.0,-252.0,-19.0,0
1345,3.0,-251.0,-16.0,0
1346,0.0,-250.0,-20.0,0
1347,4.0,-250.0,-22.0,0
1348,1.0,-249.0,-22.0,0
1349,5.0,-253.0,-21.0,0
1350,2.0,-250.0,-26.0,0
1351,5.0,-252.0,-25.0,0
1352,3.0,-253.0,-25.0,0
1353,1.0,-253.0,-26.0,0
1354,0.0,-251.0,-27.0,0
1355,0.0,-257.0,-24.0,0
1356,-2.0,-255.0,-23.0,0
1357,1.0,-258.0,-25.0,0
1358,0.0,-259.0,-20.0,0
1359,0.0,-257.0,-20.0,0
1360,-1.0,-260.0,-20.0,0
1361,0.0,-260.0,-20.0,0
1362,3.0,-264.0,-22.0,0
1363,-1.0,-271.0,-21.0,0
1364,4.0,-270.0,-22.0,0
1365,1.0,-268.0,-23.0,0
1366,0.0,-267.0,-28.0,0
1367,2.0,-264.0,-28.0,0
1368,7.0,-259.0,-23.0,0
1369,5.0,-253.0,-22.0,0
1370,6.0,-247.0,-22.0,0
1371,6.0,-243.0,-22.0,0
1372,8.0,-245.0,-18.0,0
1373,11.0,-248.0,-14.0,0
1374,14.0,-251.0,-12.0,0
1375,16.0,-256.0,-18.0,0
1376,16.0,-263.0,-18.0,0
1377,18.0,-270.0,-20.0,0
1378,19.0,-278.0,-21.0,0
1379,13.0,-279.0,-27.0,0
1380,11.0,-280.0,-37.0,0
1381,8.0,-282.0,-44.0,0
1382,7.0,-278.0,-49.0,0
1383,5.0,-274.0,-57.0,0
1384,9.0,-272.0,-68.0,0
1385,5.0,-266.0,-73.0,0
1386,-1.0,-264.0,-76.0,0
1387,-2.0,-269.0,-73.0,0
1388,-1.0,-276.0,-76.0,0
1389,3.0,-285.0,-76.0,0
1390,1.0,-283.0,-78.0,0
1391,3.0,-287.0,-77.0,0
1392,10.0,-293.0,-78.0,0
1393,7.0,-293.0,-81.0,0
1394,14.0,-296.0,-85.0,0
1395,10.0,-295.0,-83.0,0
1396,12.0,-295.0,-90.0,0
1397,7.0,-291.0,-89.0,0
1398,3.0,-283.0,-95.0,0
1399,-2.0,-282.0,-104.0,0
1400,-1.0,-281.0,-111.0,0
1401,-4.0,-268.0,-111.0,0
1402,-5.0,-289.0,-122.0,0
1403,-6.0,-285.0,-134.0,0
1404,-7.0,-281.0,-141.0,0
1405,-3.0,-285.0,-148.0,0
1406,-4.0,-283.0,-157.0,0
1407,-11.0,-282.0,-162.0,0
1408,-19.0,-282.0,-158.0,0
1409,-28.0,-281.0,-157.0,0
1410,-30.0,-274.0,-148.0,0
1411,-27.0,-273.0,-141.0,0
1412,-23.0,-269.0,-137.0,0
1413,-26.0,-266.0,-133.0,0
1414,-20.0,-271.0,-135.0,0
1415,-13.0,-273.0,-128.0,0
1416,-11.0,-271.0,-132.0,0
1417,-3.0,-273.0,-130.0,0
1418,-3.0,-272.0,-138.0,0
1419,-3.0,-272.0,-136.0,0
1420,-5.0,-270.0,-139.0,0
1421,-7.0,-266.0,-137.0,0
1422,-6.0,-264.0,-145.0,0
1423,-7.0,-261.0,-148.0,0
1424,-7.0,-260.0,-151.0,0
1425,-9.0,-257.0,-156.0,0
1426,-11.0,-255.0,-153.0,0
1427,-11.0,-256.0,-159.0,0
1428,-9.0,-254.0,-162.0,0
1429,-6.0,-256.0,-165.0,0
1430,-7.0,-254.0,-165.0,0
1431,-7.0,-249.0,-172.0,0
1432,-9.0,-254.0,-168.0,0
1433,-9.0,-253.0,-169.0,0
1434,-7.0,-252.0,-175.0,0
1435,-9.0,-251.0,-171.0,0
1436,-11.0,-248.0,-174.0,0
1437,-10.0,-244.0,-174.0,0
1438,-12.0,-237.0,-170.0,0
1439,-11.0,-232.0,-174.0,0
1440,-10.0,-233.0,-173.0,0
1441,-10.0,-230.0,-167.0,0
1442,-11.0,-232.0,-165.0,0
1443,-10.0,-233.0,-164.0,0
1444,-8.0,-231.0,-168.0,0
1445,-10.0,-231.0,-169.0,0
1446,-7.0,-228.0,-170.0,0
1447,-10.0,-228.0,-171.0,0
1448,-7.0,-221.0,-174.0,0
1449,-11.0,-221.0,-168.0,0
1450,-7.0,-223.0,-167.0,0
1451,-10.0,-223.0,-166.0,0
1452,-11.0,-225.0,-165.0,0
1453,-12.0,-222.0,-163.0,0
1454,-12.0,-221.0,-162.0,0
1455,-16.0,-220.0,-167.0,0
1456,-17.0,-219.0,-161.0,0
1457,-15.0,-219.0,-163.0,0
1458,-14.0,-215.0,-155.0,0
1459,-12.0,-214.0,-162.0,0
1460,-15.0,-209.0,-158.0,0
1461,-12.0,-210.0,-156.0,0
1462,-12.0,-211.0,-153.0,0
1463,-12.0,-207.0,-147.0,0
1464,-12.0,-203.0,-147.0,0
1465,-12.0,-202.0,-143.0,0
1466,-12.0,-202.0,-141.0,0
1467,-8.0,-199.0,-145.0,0
1468,-11.0,-196.0,-145.0,0
1469,-7.0,-196.0,-144.0,0
1470,-5.0,-195.0,-144.0,0
1471,-4.0,-191.0,-142.0,0
1472,-5.0,-194.0,-147.0,0
1473,-5.0,-194.0,-143.0,0
1474,-10.0,-193.0,-141.0,0
1475,-9.0,-193.0,-140.0,0
1476,-8.0,-194.0,-141.0,0
1477,-12.0,-192.0,-142.0,0
1478,-15.0,-190.0,-141.0,0
1479,-13.0,-194.0,-136.0,0
1480,-17.0,-191.0,-140.0,0
1481,-15.0,-189.0,-143.0,0
1482,-16.0,-185.0,-141.0,0
1483,-20.0,-186.0,-140.0,0
1484,-17.0,-187.0,-144.0,0
1485,-17.0,-185.0,-140.0,0
1486,-17.0,-184.0,-144.0,0
1487,-14.0,-186.0,-140.0,0
1488,-12.0,-184.0,-144.0,0
1489,-11.0,-186.0,-145.0,0
1490,-9.0,-186.0,-147.0,0
1491,-11.0,-184.0,-149.0,0
1492,-12.0,-183.0,-147.0,0
1493,-12.0,-182.0,-142.0,0
1494,-12.0,-183.0,-150.0,0
1495,-12.0,-181.0,-150.0,0
1496,-10.0,-181.0,-152.0,0
1497,-12.0,-178.0,-151.0,0
1498,-9.0,-180.0,-152.0,0
1499,-12.0,-177.0,-153.0,0
1500,-12.0,-172.0,-153.0,0
1501,-12.0,-174.0,-150.0,0
1502,-9.0,-173.0,-152.0,0
1503,-12.0,-171.0,-152.0,0
1504,-11.0,-173.0,-151.0,0
1505,-12.0,-170.0,-153.0,0
1506,-13.0,-171.0,-149.0,0
1507,-11.0,-173.0,-155.0,0
1508,-12.0,-173.0,-151.0,0
1509,-14.0,-174.0,-156.0,0
1510,-12.0,-173.0,-153.0,0
1511,-12.0,-172.0,-159.0,0
1512,-12.0,-177.0,-155.0,0
1513,-15.0,-174.0,-151.0,0
1514,-15.0,-175.0,-154.0,0
1515,-12.0,-174.0,-146.0,0
1516,-15.0,-173.0,-154.0,0
1517,-15.0,-170.0,-159.0,0
1518,-15.0,-167.0,-161.0,0
1519,-22.0,-165.0,-158.0,0
1520,-18.0,-166.0,-154.0,0
1521,-15.0,-161.0,-157.0,0
1522,-14.0,-161.0,-154.0,0
1523,-15.0,-156.0,-155.0,0
1524,-13.0,-160.0,-147.0,0
1525,-12.0,-158.0,-150.0,0
1526,-11.0,-159.0,-154.0,0
1527,-12.0,-160.0,-152.0,0
1528,-9.0,-163.0,-150.0,0
1529,-11.0,-163.0,-150.0,0
1530,-9.0,-163.0,-153.0,0
1531,-11.0,-166.0,-152.0,0
1532,-9.0,-167.0,-155.0,0
1533,-10.0,-172.0,-152.0,0
1534,-8.0,-168.0,-149.0,0
1535,-5.0,-174.0,-148.0,0
1536,-4.0,-176.0,-147.0,0
1537,-10.0,-176.0,-149.0,0
1538,-10.0,-180.0,-149.0,0
1539,-12.0,-180.0,-149.0,0
1540,-13.0,-175.0,-150.0,0
1541,-13.0,-179.0,-147.0,0
1542,-12.0,-182.0,-153.0,0
1543,-17.0,-180.0,-148.0,0
1544,-18.0,-178.0,-147.0,0
1545,-19.0,-177.0,-142.0,0
1546,-19.0,-179.0,-143.0,0
1547,-21.0,-180.0,-142.0,0
1548,-18.0,-180.0,-141.0,0
1549,-19.0,-179.0,-145.0,0
1550,-15.0,-183.0,-145.0,0
1551,-11.0,-184.0,-141.0,0
1552,-11.0,-181.0,-140.0,0
1553,-8.0,-184.0,-140.0,0
1554,-4.0,-187.0,-136.0,0
1555,-8.0,-187.0,-138.0,0
1556,-7.0,-189.0,-135.0,0
1557,-8.0,-187.0,-131.0,0
1558,-12.0,-184.0,-134.0,0
1559,-9.0,-185.0,-134.0,0
1560,-10.0,-183.0,-136.0,0
1561,-12.0,-181.0,-133.0,0
1562,-11.0,-181.0,-128.0,0
1563,-14.0,-176.0,-129.0,0
1564,-12.0,-176.0,-129.0,0
1565,-16.0,-173.0,-127.0,0
1566,-13.0,-175.0,-125.0,0
1567,-12.0,-174.0,-129.0,0
1568,-14.0,-172.0,-131.0,0
1569,-12.0,-172.0,-127.0,0
1570,-11.0,-172.0,-130.0,0
1571,-11.0,-172.0,-128.0,0
1572,-7.0,-175.0,-124.0,0
1573,-5.0,-174.0,-124.0,0
1574,-5.0,-177.0,-122.0,0
1575,-5.0,-176.0,-121.0,0
1576,-7.0,-176.0,-121.0,0
1577,-5.0,-174.0,-120.0,0
1578,-6.0,-173.0,-121.0,0
1579,-8.0,-169.0,-119.0,0
1580,-12.0,-163.0,-119.0,0
1581,-10.0,-163.0,-119.0,0
1582,-12.0,-163.0,-118.0,0
1583,-11.0,-160.0,-116.0,0
1584,-12.0,-158.0,-118.0,0
1585,-12.0,-161.0,-121.0,0
1586,-11.0,-159.0,-117.0,0
1587,-9.0,-160.0,-119.0,0
1588,-4.0,-162.0,-119.0,0
1589,-2.0,-165.0,-119.0,0
1590,-8.0,-165.0,-120.0,0
1591,-12.0,-167.0,-119.0,0
1592,-9.0,-170.0,-122.0,0
1593,-10.0,-173.0,-120.0,0
1594,-12.0,-174.0,-120.0,0
1595,-12.0,-176.0,-119.0,0
1596,-12.0,-173.0,-113.0,0
1597,-14.0,-174.0,-114.0,0
1598,-11.0,-173.0,-110.0,0
1599,-12.0,-171.0,-110.0,0
1600,-12.0,-166.0,-107.0,0
1601,-11.0,-159.0,-109.0,0
1602,-8.0,-158.0,-112.0,0
1603,-3.0,-156.0,-109.0,0
1604,-1.0,-159.0,-108.0,0
1605,0.0,-162.0,-113.0,0
1606,0.0,-164.0,-115.0,0
1607,1.0,-166.0,-111.0,0
1608,-4.0,-171.0,-116.0,0
1609,-5.0,-175.0,-112.0,0
1610,-6.0,-183.0,-112.0,0
1611,-6.0,-186.0,-113.0,0
1612,-7.0,-193.0,-108.0,0
1613,-8.0,-196.0,-108.0,0
1614,-11.0,-199.0,-107.0,0
1615,-11.0,-202.0,-109.0,0
1616,-12.0,-203.0,-108.0,0
1617,-12.0,-206.0,-104.0,0
1618,-16.0,-203.0,-109.0,0
1619,-20.0,-204.0,-102.0,0
1620,-17.0,-205.0,-102.0,0
1621,-18.0,-211.0,-103.0,0
1622,-14.0,-213.0,-105.0,0
1623,-12.0,-219.0,-106.0,0
1624,-7.0,-220.0,-105.0,0
1625,-4.0,-232.0,-101.0,0
1626,-1.0,-239.0,-103.0,0
1627,1.0,-246.0,-103.0,1
1628,0.0,-252.0,-106.0,1
1629,-2.0,-258.0,-104.0,1
1630,-3.0,-263.0,-108.0,1
1631,-5.0,-268.0,-101.0,1
1632,-6.0,-274.0,-104.0,1
1633,-6.0,-277.0,-98.0,1
1634,-5.0,-282.0,-96.0,1
1635,-7.0,-284.0,-95.0,1
1636,-7.0,-285.0,-93.0,1
1637,-8.0,-288.0,-91.0,1
1638,-11.0,-282.0,-90.0,1
1639,-10.0,-283.0,-87.0,1
1640,-11.0,-279.0,-81.0,1
1641,-14.0,-275.0,-71.0,1
1642,-12.0,-271.0,-65.0,1
1643,-13.0,-264.0,-68.0,1
1644,-14.0,-259.0,-59.0,1
1645,-11.0,-264.0,-57.0,1
1646,-9.0,-277.0,-44.0,1
1647,-7.0,-303.0,-40.0,1
1648,2.0,-350.0,-15.0,1
1649,14.0,-434.0,50.0,1
1650,17.0,-533.0,73.0,1
1651,16.0,-642.0,86.0,1
1652,16.0,-724.0,103.0,1
1653,-4.0,-834.0,117.0,1
1654,-60.0,-926.0,-12.0,1
1655,-121.0,-906.0,-247.0,1
1656,-222.0,-840.0,-416.0,1
1657,-148.0,-778.0,-267.0,1
1658,48.0,-686.0,-1.0,1
1659,78.0,-577.0,40.0,1
1660,66.0,-468.0,-24.0,1
1661,33.0,-310.0,-126.0,1
1662,-7.0,-184.0,-169.0,1
1663,-37.0,-91.0,-126.0,1
1664,-55.0,-33.0,-41.0,1
1665,-48.0,8.0,58.0,1
1666,-32.0,45.0,128.0,1
1667,-12.0,70.0,148.0,1
1668,11.0,81.0,121.0,1
1669,35.0,73.0,74.0,1
1670,50.0,34.0,43.0,1
1671,54.0,-31.0,34.0,1
1672,63.0,-148.0,-19.0,1
1673,31.0,-243.0,-6.0,1
1674,8.0,-315.0,91.0,1
1675,10.0,-351.0,145.0,1
1676,27.0,-355.0,127.0,1
1677,48.0,-354.0,63.0,1
1678,53.0,-373.0,5.0,1
1679,46.0,-396.0,-14.0,1
1680,24.0,-413.0,4.0,1
1681,11.0,-413.0,10.0,1
1682,-3.0,-392.0,30.0,1
1683,-11.0,-364.0,41.0,1
1684,-18.0,-313.0,46.0,1
1685,-15.0,-261.0,38.0,1
1686,-11.0,-212.0,32.0,1
1687,-1.0,-174.0,38.0,1
1688,1.0,-145.0,42.0,1
1689,3.0,-136.0,54.0,1
1690,11.0,-146.0,68.0,1
1691,15.0,-156.0,76.0,1
1692,18.0,-182.0,80.0,1
1693,19.0,-199.0,84.0,1
1694,17.0,-218.0,81.0,1
1695,13.0,-229.0,81.0,1
1696,12.0,-242.0,77.0,1
1697,11.0,-254.0,77.0,1
1698,13.0,-251.0,74.0,1
1699,8.0,-252.0,70.0,0
1700,13.0,-246.0,69.0,0
1701,18.0,-246.0,67.0,0
1702,20.0,-249.0,70.0,0
1703,24.0,-247.0,69.0,0
1704,29.0,-254.0,65.0,0
1705,28.0,-250.0,63.0,0
1706,34.0,-255.0,58.0,0
1707,33.0,-253.0,49.0,0
1708,32.0,-250.0,46.0,0
1709,28.0,-241.0,38.0,0
1710,27.0,-238.0,38.0,0
1711,24.0,-231.0,44.0,0
1712,23.0,-222.0,52.0,0
1713,21.0,-218.0,48.0,0
1714,22.0,-218.0,52.0,0
1715,21.0,-216.0,50.0,0
1716,20.0,-220.0,48.0,0
1717,21.0,-224.0,49.0,0
1718,20.0,-225.0,51.0,0
1719,23.0,-230.0,54.0,0
1720,25.0,-231.0,52.0,0
1721,21.0,-231.0,51.0,0
1722,24.0,-233.0,51.0,0
1723,23.0,-241.0,54.0,0
1724,22.0,-247.0,50.0,0
1725,19.0,-247.0,47.0,0
1726,19.0,-253.0,48.0,0
1727,20.0,-253.0,48.0,0
1728,18.0,-256.0,46.0,0
1729,14.0,-253.0,44.0,0
1730,15.0,-252.0,45.0,0
1731,13.0,-251.0,42.0,0
1732,8.0,-249.0,46.0,0
1733,10.0,-244.0,49.0,0
1734,11.0,-248.0,50.0,0
1735,12.0,-241.0,55.0,0
1736,13.0,-236.0,53.0,0
1737,14.0,-235.0,59.0,0
1738,14.0,-230.0,57.0,0
1739,14.0,-229.0,48.0,0
1740,13.0,-227.0,51.0,0
1741,10.0,-227.0,47.0,0
1742,7.0,-229.0,47.0,0
1743,3.0,-232.0,45.0,0
1744,5.0,-238.0,44.0,0
1745,8.0,-242.0,45.0,0
1746,6.0,-244.0,45.0,0
1747,7.0,-242.0,47.0,0
1748,5.0,-249.0,44.0,0
1749,5.0,-248.0,48.0,0
1750,9.0,-254.0,52.0,0
1751,11.0,-256.0,52.0,0
1752,13.0,-252.0,53.0,0
1753,12.0,-246.0,52.0,0
1754,15.0,-245.0,58.0,0
1755,15.0,-244.0,57.0,0
1756,15.0,-241.0,56.0,0
1757,19.0,-237.0,48.0,0
1758,14.0,-237.0,53.0,0
1759,15.0,-235.0,53.0,0
1760,16.0,-236.0,55.0,0
1761,13.0,-235.0,49.0,0
1762,18.0,-238.0,49.0,0
1763,17.0,-237.0,48.0,0
1764,18.0,-244.0,50.0,0
1765,15.0,-241.0,49.0,0
1766,13.0,-243.0,47.0,0
1767,10.0,-244.0,49.0,0
1768,12.0,-243.0,50.0,0
1769,7.0,-241.0,50.0,0
1770,7.0,-242.0,52.0,0
1771,6.0,-247.0,50.0,0
1772,6.0,-245.0,47.0,0
1773,6.0,-246.0,48.0,0
1774,6.0,-247.0,44.0,0
1775,9.0,-247.0,48.0,0
1776,8.0,-246.0,42.0,0
1777,10.0,-249.0,46.0,0
1778,7.0,-247.0,44.0,0
1779,9.0,-245.0,44.0,0
1780,8.0,-245.0,44.0,0
1781,11.0,-247.0,45.0,0
1782,13.0,-246.0,51.0,0
1783,12.0,-246.0,45.0,0
1784,13.0,-247.0,44.0,0
1785,12.0,-246.0,43.0,0
1786,13.0,-246.0,50.0,0
1787,11.0,-246.0,41.0,0
1788,13.0,-248.0,44.0,0
1789,10.0,-248.0,44.0,0
1790,10.0,-248.0,46.0,0
1791,10.0,-246.0,45.0,0
1792,9.0,-246.0,43.0,0
1793,9.0,-248.0,43.0,0
1794,10.0,-251.0,43.0,0
1795,9.0,-249.0,43.0,0
1796,9.0,-249.0,45.0,0
1797,7.0,-248.0,43.0,0
1798,9.0,-249.0,43.0,0
1799,9.0,-248.0,46.0,0
1800,6.0,-250.0,46.0,0
1801,12.0,-247.0,41.0,0
1802,12.0,-248.0,43.0,0
1803,10.0,-250.0,44.0,0
1804,12.0,-249.0,40.0,0
1805,10.0,-250.0,46.0,0
1806,27.0,-248.0,26.0,0
1807,13.0,-253.0,43.0,0
1808,10.0,-248.0,40.0,0
1809,10.0,-248.0,43.0,0
1810,9.0,-250.0,43.0,0
1811,7.0,-248.0,42.0,0
1812,7.0,-248.0,40.0,0
1813,10.0,-251.0,43.0,0
1814,8.0,-248.0,41.0,0
1815,6.0,-252.0,43.0,0
1816,9.0,-252.0,38.0,0
1817,7.0,-251.0,39.0,0
1818,7.0,-252.0,36.0,0
1819,10.0,-251.0,34.0,0
1820,9.0,-254.0,37.0,0
1821,9.0,-253.0,36.0,0
1822,7.0,-251.0,39.0,0
1823,11.0,-254.0,35.0,0
1824,10.0,-251.0,39.0,0
1825,9.0,-252.0,36.0,0
1826,9.0,-253.0,33.0,0
1827,11.0,-248.0,33.0,0
1828,10.0,-253.0,29.0,0
1829,7.0,-250.0,31.0,0
1830,9.0,-251.0,29.0,0
1831,9.0,-248.0,28.0,0
1832,6.0,-250.0,28.0,0
1833,5.0,-250.0,28.0,0
1834,6.0,-250.0,30.0,0
1835,5.0,-250.0,28.0,0
1836,7.0,-253.0,26.0,0
1837,4.0,-253.0,30.0,0
1838,8.0,-255.0,25.0,0
1839,6.0,-253.0,25.0,0
1840,9.0,-252.0,22.0,0
1841,7.0,-250.0,22.0,0
1842,8.0,-251.0,22.0,0
1843,11.0,-250.0,23.0,0
1844,9.0,-251.0,27.0,0
1845,10.0,-251.0,23.0,0
1846,7.0,-253.0,25.0,0
1847,8.0,-251.0,24.0,0
1848,9.0,-250.0,25.0,0
1849,9.0,-253.0,27.0,0
1850,6.0,-253.0,26.0,0
1851,9.0,-252.0,23.0,0
1852,8.0,-249.0,24.0,0
1853,8.0,-253.0,22.0,0
1854,7.0,-254.0,23.0,0
1855,9.0,-254.0,25.0,0
1856,10.0,-257.0,25.0,0
1857,9.0,-256.0,24.0,0
1858,12.0,-254.0,20.0,0
1859,11.0,-254.0,18.0,0
1860,8.0,-252.0,19.0,0
1861,9.0,-252.0,21.0,0
1862,7.0,-251.0,21.0,0
1863,8.0,-253.0,24.0,0
1864,4.0,-250.0,22.0,0
1865,7.0,-249.0,22.0,0
1866,8.0,-255.0,22.0,0
1867,7.0,-251.0,24.0,0
1868,6.0,-251.0,23.0,0
1869,11.0,-254.0,22.0,0
1870,7.0,-248.0,29.0,0
1871,9.0,-252.0,22.0,0
1872,6.0,-254.0,22.0,0
1873,11.0,-254.0,25.0,0
1874,10.0,-253.0,27.0,0
1875,13.0,-254.0,29.0,0
1876,13.0,-253.0,25.0,0
1877,14.0,-252.0,27.0,0
1878,8.0,-254.0,27.0,0
1879,11.0,-254.0,28.0,0
1880,12.0,-254.0,25.0,0
1881,13.0,-257.0,24.0,0
1882,10.0,-257.0,23.0,0
1883,11.0,-258.0,24.0,0
1884,8.0,-253.0,21.0,0
1885,8.0,-256.0,26.0,0
1886,10.0,-253.0,26.0,0
1887,10.0,-254.0,25.0,0
1888,12.0,-253.0,20.0,0
1889,11.0,-248.0,21.0,0
1890,6.0,-255.0,19.0,0
1891,11.0,-253.0,24.0,0
1892,10.0,-251.0,17.0,0
1893,7.0,-254.0,25.0,0
1894,10.0,-253.0,22.0,0
1895,9.0,-250.0,21.0,0
1896,13.0,-254.0,20.0,0
1897,12.0,-254.0,17.0,0
1898,14.0,-257.0,22.0,0
1899,13.0,-256.0,20.0,0
1900,11.0,-254.0,20.0,0
1901,12.0,-255.0,18.0,0
1902,15.0,-258.0,19.0,0
1903,14.0,-254.0,20.0,0
1904,12.0,-252.0,18.0,0
1905,16.0,-255.0,15.0,0
1906,11.0,-254.0,14.0,0
1907,14.0,-255.0,18.0,0
1908,13.0,-252.0,21.0,0
1909,12.0,-254.0,17.0,0
1910,14.0,-254.0,21.0,0
1911,10.0,-253.0,18.0,0
1912,12.0,-254.0,18.0,0
1913,11.0,-250.0,18.0,0
1914,7.0,-256.0,17.0,0
1915,9.0,-255.0,14.0,0
1916,9.0,-254.0,16.0,0
1917,4.0,-253.0,14.0,0
1918,9.0,-258.0,16.0,0
1919,8.0,-253.0,14.0,0
1920,9.0,-254.0,15.0,0
1921,8.0,-254.0,18.0,0
1922,10.0,-254.0,16.0,0
1923,7.0,-252.0,16.0,0
1924,11.0,-254.0,11.0,0
1925,12.0,-251.0,18.0,0
1926,12.0,-251.0,19.0,0
1927,9.0,-255.0,18.0,0
1928,8.0,-253.0,12.0,0
1929,9.0,-255.0,17.0,0
1930,8.0,-256.0,16.0,0
1931,7.0,-256.0,12.0,0
1932,6.0,-255.0,15.0,0
1933,7.0,-254.0,13.0,0
1934,6.0,-256.0,14.0,0
1935,9.0,-251.0,13.0,0
1936,6.0,-253.0,14.0,0
1937,9.0,-251.0,12.0,0
1938,11.0,-252.0,16.0,0
1939,10.0,-254.0,18.0,0
1940,10.0,-253.0,15.0,0
1941,11.0,-252.0,14.0,0
1942,12.0,-257.0,19.0,0
1943,10.0,-255.0,15.0,0
1944,7.0,-254.0,17.0,0
1945,8.0,-255.0,15.0,0
1946,10.0,-255.0,19.0,0
1947,10.0,-256.0,18.0,0
1948,12.0,-257.0,14.0,0
1949,12.0,-255.0,15.0,0
1950,11.0,-252.0,14.0,0
1951,10.0,-251.0,14.0,0
1952,11.0,-257.0,14.0,0
1953,11.0,-257.0,15.0,0
1954,10.0,-255.0,17.0,0
1955,8.0,-255.0,16.0,0
1956,11.0,-256.0,13.0,0
1957,8.0,-258.0,16.0,0
1958,6.0,-258.0,19.0,0
1959,9.0,-259.0,16.0,0
1960,12.0,-259.0,17.0,0
1961,7.0,-259.0,16.0,0
1962,10.0,-260.0,17.0,0
1963,8.0,-259.0,18.0,0
1964,7.0,-259.0,15.0,0
1965,7.0,-256.0,14.0,0
1966,8.0,-255.0,16.0,0
1967,6.0,-257.0,17.0,0
1968,9.0,-255.0,14.0,0
1969,5.0,-250.0,14.0,0
1970,12.0,-251.0,16.0,0
1971,8.0,-247.0,13.0,0
1972,9.0,-246.0,13.0,0
1973,10.0,-249.0,16.0,0
1974,9.0,-248.0,18.0,0
1975,13.0,-246.0,15.0,0
1976,10.0,-246.0,21.0,0
1977,7.0,-249.0,18.0,0
1978,13.0,-251.0,17.0,0
1979,9.0,-250.0,16.0,0
1980,6.0,-249.0,19.0,0
1981,6.0,-251.0,15.0,0
1982,8.0,-253.0,13.0,0
1983,6.0,-255.0,20.0,0
1984,7.0,-255.0,19.0,0
1985,8.0,-253.0,20.0,0
1986,7.0,-255.0,18.0,0
1987,10.0,-254.0,19.0,0
1988,8.0,-255.0,14.0,0
1989,8.0,-254.0,13.0,0
1990,10.0,-250.0,13.0,0
1991,10.0,-253.0,11.0,0
1992,8.0,-252.0,15.0,0
1993,9.0,-249.0,13.0,0
1994,8.0,-251.0,13.0,0
1995,8.0,-249.0,12.0,0
1996,6.0,-250.0,17.0,0
1997,8.0,-248.0,17.0,0
1998,9.0,-252.0,15.0,0
1999,8.0,-253.0,17.0,0
2000,9.0,-252.0,16.0,0
2001,8.0,-252.0,18.0,0
2002,12.0,-254.0,16.0,0
2003,11.0,-255.0,19.0,0
2004,8.0,-254.0,19.0,0
2005,11.0,-257.0,16.0,0
2006,9.0,-259.0,17.0,0
2007,9.0,-255.0,15.0,0
2008,8.0,-254.0,15.0,0
2009,7.0,-255.0,16.0,0
2010,6.0,-253.0,18.0,0
2011,10.0,-256.0,15.0,0
2012,10.0,-254.0,18.0,0
2013,7.0,-254.0,15.0,0
2014,10.0,-255.0,19.0,0
2015,5.0,-252.0,14.0,0
2016,11.0,-250.0,14.0,0
2017,11.0,-254.0,14.0,0
2018,9.0,-252.0,19.0,0
2019,9.0,-252.0,13.0,0
2020,9.0,-254.0,17.0,0
2021,7.0,-253.0,19.0,0
2022,10.0,-256.0,16.0,0
2023,9.0,-256.0,13.0,0
2024,11.0,-255.0,18.0,0
2025,11.0,-251.0,17.0,0
2026,9.0,-255.0,15.0,0
2027,8.0,-257.0,15.0,0
2028,8.0,-254.0,15.0,0
2029,8.0,-255.0,16.0,0
2030,9.0,-255.0,19.0,0
2031,9.0,-256.0,14.0,0
2032,10.0,-257.0,17.0,0
2033,9.0,-253.0,12.0,0
2034,9.0,-255.0,16.0,0
2035,9.0,-253.0,13.0,0
2036,10.0,-255.0,12.0,0
2037,10.0,-256.0,16.0,0
2038,7.0,-253.0,14.0,0
2039,13.0,-252.0,14.0,0
2040,11.0,-253.0,15.0,0
2041,9.0,-252.0,14.0,0
2042,9.0,-255.0,15.0,0
2043,9.0,-254.0,13.0,0
2044,9.0,-255.0,17.0,0
2045,9.0,-255.0,16.0,0
2046,8.0,-257.0,13.0,0
2047,10.0,-257.0,18.0,0
2048,7.0,-254.0,15.0,0
2049,12.0,-258.0,13.0,0
2050,6.0,-251.0,17.0,0
2051,9.0,-252.0,10.0,0
2052,11.0,-255.0,15.0,0
2053,10.0,-255.0,14.0,0
2054,9.0,-254.0,14.0,0
2055,13.0,-251.0,16.0,0
2056,9.0,-251.0,13.0,0
2057,11.0,-251.0,14.0,0
2058,9.0,-253.0,13.0,0
2059,7.0,-253.0,16.0,0
2060,9.0,-254.0,17.0,0
2061,10.0,-254.0,11.0,0
2062,9.0,-254.0,17.0,0
2063,9.0,-253.0,15.0,0
2064,10.0,-254.0,13.0,0
2065,10.0,-254.0,22.0,0
2066,10.0,-252.0,15.0,0
2067,10.0,-253.0,18.0,0
2068,13.0,-253.0,18.0,0
2069,11.0,-256.0,15.0,0
2070,9.0,-253.0,18.0,0
2071,10.0,-254.0,17.0,0
2072,13.0,-255.0,13.0,0
2073,9.0,-253.0,13.0,0
2074,10.0,-254.0,15.0,0
2075,10.0,-254.0,15.0,0
2076,9.0,-254.0,16.0,0
2077,13.0,-252.0,19.0,0
2078,7.0,-255.0,12.0,0
2079,13.0,-257.0,16.0,0
2080,12.0,-253.0,14.0,0
2081,10.0,-256.0,12.0,0
2082,10.0,-256.0,17.0,0
2083,7.0,-258.0,12.0,0
2084,6.0,-256.0,18.0,0
2085,7.0,-255.0,16.0,0
2086,7.0,-257.0,16.0,0
2087,9.0,-254.0,13.0,0
2088,8.0,-256.0,12.0,0
2089,9.0,-253.0,15.0,0
2090,5.0,-252.0,16.0,0
2091,7.0,-253.0,14.0,0
2092,10.0,-254.0,18.0,0
2093,8.0,-253.0,16.0,0
2094,10.0,-251.0,15.0,0
2095,10.0,-248.0,16.0,0
2096,7.0,-249.0,12.0,0
2097,11.0,-252.0,12.0,0
2098,10.0,-251.0,13.0,0
2099,9.0,-254.0,18.0,0
2100,11.0,-250.0,18.0,0
2101,10.0,-254.0,16.0,0
2102,7.0,-252.0,15.0,0
2103,10.0,-254.0,18.0,0
2104,7.0,-254.0,18.0,0
2105,11.0,-254.0,19.0,0
2106,11.0,-254.0,18.0,0
2107,8.0,-256.0,20.0,0
2108,10.0,-255.0,19.0,0
2109,11.0,-254.0,19.0,0
2110,11.0,-252.0,14.0,0
2111,11.0,-252.0,13.0,0
2112,11.0,-251.0,19.0,0
2113,8.0,-252.0,13.0,0
2114,13.0,-253.0,17.0,0
2115,12.0,-254.0,16.0,0
2116,10.0,-253.0,12.0,0
2117,8.0,-251.0,13.0,0
2118,6.0,-256.0,17.0,0
2119,6.0,-253.0,14.0,0
2120,9.0,-255.0,15.0,0
2121,7.0,-251.0,13.0,0
2122,8.0,-252.0,14.0,0
2123,8.0,-252.0,16.0,0
2124,7.0,-253.0,15.0,0
2125,6.0,-254.0,15.0,0
2126,9.0,-254.0,16.0,0
2127,9.0,-256.0,12.0,0
2128,9.0,-251.0,15.0,0
2129,9.0,-253.0,17.0,0
2130,9.0,-252.0,14.0,0
2131,8.0,-251.0,13.0,0
2132,8.0,-254.0,15.0,0
2133,10.0,-254.0,13.0,0
2134,8.0,-255.0,17.0,0
2135,9.0,-253.0,15.0,0
2136,10.0,-254.0,17.0,0
2137,6.0,-253.0,14.0,0
2138,8.0,-250.0,11.0,0
2139,7.0,-254.0,14.0,0
2140,9.0,-257.0,14.0,0
2141,7.0,-254.0,11.0,0
2142,9.0,-257.0,13.0,0
2143,5.0,-256.0,12.0,0
2144,5.0,-258.0,14.0,0
2145,7.0,-257.0,12.0,0
2146,9.0,-256.0,11.0,0
2147,7.0,-258.0,10.0,0
2148,9.0,-257.0,10.0,0
2149,7.0,-254.0,9.0,0
2150,8.0,-252.0,9.0,0
2151,7.0,-250.0,12.0,0
2152,9.0,-252.0,12.0,0
2153,8.0,-251.0,15.0,0
2154,8.0,-252.0,15.0,0
2155,8.0,-255.0,16.0,0
2156,8.0,-253.0,16.0,0
2157,11.0,-254.0,16.0,0
2158,11.0,-256.0,17.0,0
2159,10.0,-255.0,14.0,0
2160,8.0,-255.0,15.0,0
2161,8.0,-256.0,16.0,0
2162,7.0,-255.0,14.0,0
2163,11.0,-256.0,13.0,0
2164,8.0,-257.0,13.0,0
2165,4.0,-266.0,23.0,0
2166,10.0,-257.0,12.0,0
2167,10.0,-255.0,17.0,0
2168,11.0,-257.0,13.0,0
2169,9.0,-253.0,14.0,0
2170,7.0,-256.0,15.0,0
2171,6.0,-254.0,15.0,0
2172,10.0,-255.0,16.0,0
2173,10.0,-253.0,16.0,0
2174,7.0,-250.0,16.0,0
2175,8.0,-252.0,15.0,0
2176,6.0,-253.0,14.0,0
2177,10.0,-253.0,16.0,0
2178,9.0,-251.0,15.0,0
2179,9.0,-250.0,14.0,0
2180,9.0,-252.0,18.0,0
2181,10.0,-252.0,16.0,0
2182,9.0,-253.0,17.0,0
2183,9.0,-253.0,16.0,0
2184,9.0,-255.0,17.0,0
2185,8.0,-258.0,17.0,0
2186,7.0,-254.0,16.0,0
2187,9.0,-254.0,15.0,0
2188,8.0,-256.0,15.0,0
2189,9.0,-257.0,13.0,0
2190,7.0,-257.0,14.0,0
2191,10.0,-255.0,18.0,0
2192,8.0,-254.0,16.0,0
2193,9.0,-254.0,17.0,0
2194,7.0,-256.0,10.0,0
2195,10.0,-254.0,14.0,0
2196,8.0,-254.0,17.0,0
2197,10.0,-255.0,13.0,0
2198,7.0,-254.0,16.0,0
2199,8.0,-254.0,14.0,0
2200,9.0,-252.0,15.0,0
2201,10.0,-254.0,17.0,0
2202,11.0,-256.0,14.0,0
2203,7.0,-253.0,11.0,0
2204,11.0,-255.0,18.0,0
2205,4.0,-252.0,19.0,0
2206,10.0,-252.0,21.0,0
2207,8.0,-254.0,13.0,0
2208,9.0,-252.0,17.0,0
2209,7.0,-250.0,18.0,0
2210,10.0,-251.0,13.0,0
2211,5.0,-252.0,17.0,0
2212,10.0,-250.0,17.0,0
2213,7.0,-254.0,17.0,0
2214,9.0,-253.0,12.0,0
2215,10.0,-250.0,15.0,0
2216,7.0,-252.0,16.0,0
2217,9.0,-252.0,13.0,0
2218,8.0,-252.0,13.0,0
2219,8.0,-253.0,15.0,0
2220,9.0,-255.0,17.0,0
2221,8.0,-254.0,15.0,0
2222,9.0,-255.0,20.0,0
2223,8.0,-253.0,16.0,0
2224,12.0,-256.0,21.0,0
2225,9.0,-255.0,18.0,0
2226,11.0,-255.0,15.0,0
2227,9.0,-255.0,14.0,0
2228,8.0,-255.0,14.0,0
2229,7.0,-252.0,18.0,0
2230,8.0,-251.0,18.0,0
2231,9.0,-251.0,19.0,0
2232,10.0,-252.0,19.0,0
2233,8.0,-251.0,21.0,0
2234,7.0,-250.0,19.0,0
2235,6.0,-252.0,18.0,0
2236,9.0,-252.0,18.0,0
2237,7.0,-252.0,15.0,0
2238,9.0,-253.0,18.0,0
2239,6.0,-255.0,19.0,0
2240,9.0,-256.0,18.0,0
2241,10.0,-258.0,17.0,0
2242,6.0,-254.0,14.0,0
2243,9.0,-254.0,17.0,0
2244,9.0,-256.0,17.0,0
2245,9.0,-254.0,19.0,0
2246,9.0,-253.0,17.0,0
2247,7.0,-254.0,20.0,0
2248,10.0,-253.0,16.0,0
2249,12.0,-253.0,17.0,0
2250,11.0,-250.0,18.0,0
2251,8.0,-250.0,15.0,0
2252,8.0,-252.0,13.0,0
2253,10.0,-253.0,14.0,0
2254,11.0,-253.0,15.0,0
2255,8.0,-254.0,18.0,0
2256,11.0,-254.0,18.0,0
2257,7.0,-255.0,19.0,0
2258,9.0,-252.0,19.0,0
2259,7.0,-255.0,18.0,0
2260,8.0,-253.0,18.0,0
2261,10.0,-253.0,15.0,0
2262,9.0,-253.0,20.0,0
2263,10.0,-254.0,19.0,0
2264,8.0,-256.0,20.0,0
2265,10.0,-255.0,18.0,0
2266,8.0,-254.0,16.0,0
2267,7.0,-257.0,15.0,0
2268,8.0,-253.0,18.0,0
2269,8.0,-253.0,16.0,0
2270,7.0,-253.0,18.0,0
2271,6.0,-255.0,16.0,0
2272,9.0,-252.0,20.0,0
2273,10.0,-254.0,20.0,0
2274,10.0,-256.0,17.0,0
2275,11.0,-256.0,14.0,0
2276,8.0,-252.0,22.0,0
2277,9.0,-254.0,18.0,0
2278,7.0,-251.0,16.0,0
2279,6.0,-255.0,18.0,0
2280,9.0,-251.0,18.0,0
2281,6.0,-253.0,16.0,0
2282,11.0,-255.0,16.0,0
2283,9.0,-251.0,17.0,0
2284,9.0,-252.0,16.0,0
2285,8.0,-251.0,17.0,0
2286,9.0,-253.0,18.0,0
2287,9.0,-254.0,19.0,0
2288,8.0,-252.0,19.0,0
2289,11.0,-256.0,20.0,0
2290,7.0,-256.0,17.0,0
2291,10.0,-254.0,16.0,0
2292,11.0,-257.0,18.0,0
2293,10.0,-256.0,21.0,0
2294,10.0,-254.0,14.0,0
2295,7.0,-255.0,20.0,0
2296,10.0,-256.0,18.0,0
2297,10.0,-253.0,18.0,0
2298,13.0,-252.0,14.0,0
2299,8.0,-251.0,13.0,0
2300,7.0,-251.0,11.0,0
2301,12.0,-250.0,16.0,0
2302,7.0,-251.0,16.0,0
2303,8.0,-252.0,18.0,0
2304,8.0,-248.0,16.0,0
2305,8.0,-252.0,17.0,0
2306,9.0,-251.0,22.0,0
2307,7.0,-253.0,22.0,0
2308,7.0,-253.0,22.0,0
2309,11.0,-257.0,17.0,0
2310,9.0,-254.0,21.0,0
2311,10.0,-254.0,19.0,0
2312,7.0,-253.0,17.0,0
2313,11.0,-254.0,18.0,0
2314,7.0,-254.0,18.0,0
2315,9.0,-252.0,17.0,0
2316,9.0,-254.0,20.0,0
2317,9.0,-255.0,21.0,0
2318,8.0,-256.0,15.0,0
2319,11.0,-251.0,21.0,0
2320,9.0,-251.0,15.0,0
2321,10.0,-251.0,15.0,0
2322,9.0,-252.0,17.0,0
2323,13.0,-251.0,19.0,0
2324,13.0,-254.0,19.0,0
2325,10.0,-252.0,17.0,0
2326,10.0,-253.0,17.0,0
2327,12.0,-253.0,20.0,0
2328,11.0,-253.0,18.0,0
2329,8.0,-250.0,16.0,0
2330,9.0,-251.0,18.0,0
2331,8.0,-252.0,18.0,0
2332,8.0,-250.0,19.0,0
2333,11.0,-252.0,14.0,0
2334,8.0,-255.0,16.0,0
2335,10.0,-254.0,21.0,0
2336,9.0,-253.0,17.0,0
2337,8.0,-251.0,19.0,0
2338,9.0,-252.0,21.0,0
2339,10.0,-255.0,18.0,0
2340,9.0,-255.0,18.0,0
2341,9.0,-253.0,18.0,0
2342,7.0,-254.0,19.0,0
2343,6.0,-251.0,18.0,0
2344,12.0,-251.0,18.0,0
2345,11.0,-250.0,20.0,0
2346,11.0,-253.0,17.0,0
2347,10.0,-252.0,17.0,0
2348,9.0,-251.0,21.0,0
2349,9.0,-253.0,19.0,0
2350,9.0,-252.0,21.0,0
2351,8.0,-251.0,20.0,0
2352,10.0,-255.0,17.0,0
2353,8.0,-250.0,18.0,0
2354,9.0,-251.0,20.0,0
2355,8.0,-251.0,19.0,0
2356,7.0,-252.0,19.0,0
2357,11.0,-253.0,17.0,0
2358,8.0,-252.0,20.0,0
2359,10.0,-253.0,22.0,0
2360,11.0,-255.0,17.0,0
2361,8.0,-253.0,20.0,0
2362,9.0,-253.0,18.0,0
2363,8.0,-251.0,22.0,0
2364,7.0,-252.0,22.0,0
2365,7.0,-253.0,21.0,0
2366,7.0,-252.0,19.0,0
2367,9.0,-250.0,19.0,0
2368,11.0,-252.0,20.0,0
2369,8.0,-253.0,23.0,0
2370,8.0,-253.0,16.0,0
2371,10.0,-254.0,16.0,0
2372,9.0,-252.0,22.0,0
2373,8.0,-252.0,21.0,0
2374,9.0,-253.0,18.0,0
2375,11.0,-253.0,17.0,0
2376,9.0,-253.0,15.0,0
2377,11.0,-252.0,17.0,0
2378,10.0,-256.0,17.0,0
2379,10.0,-255.0,15.0,0
2380,9.0,-254.0,20.0,0
2381,8.0,-253.0,16.0,0
2382,8.0,-252.0,18.0,0
2383,9.0,-255.0,17.0,0
2384,8.0,-255.0,16.0,0
2385,10.0,-253.0,18.0,0
2386,10.0,-253.0,20.0,0
2387,7.0,-254.0,20.0,0
2388,8.0,-254.0,20.0,0
2389,4.0,-252.0,22.0,0
2390,10.0,-251.0,18.0,0
2391,11.0,-254.0,20.0,0
2392,9.0,-255.0,18.0,0
2393,9.0,-254.0,19.0,0
2394,11.0,-251.0,19.0,0
2395,11.0,-254.0,17.0,0
2396,8.0,-254.0,15.0,0
2397,10.0,-252.0,20.0,0
2398,11.0,-255.0,22.0,0
